4.227206856012344360e-02
1.330769620835781097e-02
2.770076133310794830e-02
2.795685082674026489e-02
2.895412780344486237e-02
2.015862241387367249e-02
2.764296531677246094e-02
1.901416480541229248e-02
1.730412431061267853e-02
2.312263473868370056e-02
1.947919465601444244e-02
2.019680663943290710e-02
2.246519550681114197e-02
4.179510846734046936e-02
1.690589264035224915e-02
2.204974554479122162e-02
3.269675001502037048e-02
1.510312780737876892e-02
4.294202104210853577e-02
1.248442102223634720e-02
1.742864958941936493e-02
1.375261694192886353e-02
1.864633150398731232e-02
1.534227654337882996e-02
2.582125365734100342e-02
2.840267680585384369e-02
1.558903604745864868e-02
1.819383352994918823e-02
5.250168591737747192e-02
1.559949014335870743e-02
2.611877024173736572e-02
4.006784781813621521e-02
1.617176271975040436e-02
4.651926085352897644e-02
2.658122591674327850e-02
2.497442066669464111e-02
1.566342823207378387e-02
2.135185711085796356e-02
4.773802310228347778e-02
1.592006720602512360e-02
1.289272308349609375e-02
1.467907428741455078e-02
3.874900937080383301e-02
2.477524988353252411e-02
4.024171829223632812e-02
2.256544679403305054e-02
3.548886254429817200e-02
3.769993409514427185e-02
8.177269250154495239e-03
3.159213438630104065e-02
3.952207788825035095e-02
2.208446525037288666e-02
2.513979747891426086e-02
2.551226504147052765e-02
2.217594534158706665e-02
2.893120795488357544e-02
3.303540498018264771e-02
3.716421872377395630e-02
1.472878549247980118e-02
2.233096398413181305e-02
1.891076192259788513e-02
4.672013223171234131e-02
3.128312900662422180e-02
3.531295433640480042e-02
2.876245044171810150e-02
3.111248835921287537e-02
3.312716633081436157e-02
2.410507760941982269e-02
1.954300701618194580e-02
4.214078187942504883e-02
1.826926320791244507e-02
1.121169142425060272e-02
2.696416527032852173e-02
2.412929013371467590e-02
3.235611692070960999e-02
2.522816509008407593e-02
5.025893077254295349e-02
1.645762100815773010e-02
1.623794250190258026e-02
1.557687483727931976e-02
5.071788653731346130e-02
1.149776019155979156e-02
2.028009667992591858e-02
5.079833418130874634e-02
3.512369841337203979e-02
2.729147113859653473e-02
4.970483109354972839e-02
1.432220637798309326e-02
1.578889787197113037e-02
1.063110493123531342e-02
2.592694573104381561e-02
1.731833256781101227e-02
2.491885609924793243e-02
2.121937088668346405e-02
5.562160909175872803e-02
2.044984698295593262e-02
1.973165944218635559e-02
1.451633125543594360e-02
9.443506598472595215e-03
1.935631223022937775e-02
3.351884335279464722e-02
1.813885197043418884e-02
1.506659947335720062e-02
1.722029969096183777e-02
2.367606014013290405e-02
3.767796605825424194e-02
1.864486560225486755e-02
3.139418363571166992e-02
1.107505150139331818e-02
1.463048253208398819e-02
2.201753854751586914e-02
2.674229443073272705e-02
1.317127142101526260e-02
2.810259722173213959e-02
1.994518749415874481e-02
2.455133572220802307e-02
3.776209428906440735e-02
2.501519769430160522e-02
5.045077577233314514e-02
4.839244857430458069e-02
8.978807367384433746e-03
4.567827656865119934e-02
3.064412064850330353e-02
3.445478528738021851e-02
3.695071116089820862e-02
3.019029647111892700e-02
1.509210001677274704e-02
3.638081625103950500e-02
1.606820337474346161e-02
2.070063166320323944e-02
2.419398911297321320e-02
3.623699769377708435e-02
2.620575204491615295e-02
1.647186465561389923e-02
3.537883982062339783e-02
3.984382376074790955e-02
2.479717507958412170e-02
4.874251037836074829e-02
1.352605316787958145e-02
1.682483963668346405e-02
6.190029531717300415e-02
2.053574472665786743e-02
4.614954441785812378e-02
1.530241779983043671e-02
1.761398091912269592e-02
2.602606080472469330e-02
2.676256000995635986e-02
1.836422272026538849e-02
4.651364311575889587e-02
2.501215413212776184e-02
3.453848883509635925e-02
7.096647471189498901e-02
1.498025562614202499e-02
8.736766874790191650e-03
3.281910717487335205e-02
5.185190960764884949e-02
2.195931598544120789e-02
3.402889147400856018e-02
2.585563063621520996e-02
3.460710495710372925e-02
4.184236004948616028e-02
2.027379535138607025e-02
3.841159492731094360e-02
2.762333117425441742e-02
2.091172151267528534e-02
3.223383799195289612e-02
2.587782591581344604e-02
3.627167269587516785e-02
1.559016667306423187e-02
2.989125065505504608e-02
3.365707769989967346e-02
3.966848924756050110e-02
1.573762297630310059e-02
4.505056142807006836e-02
4.621847346425056458e-02
1.366070006042718887e-02
2.587238512933254242e-02
1.907552406191825867e-02
3.090504184365272522e-02
4.569795355200767517e-02
2.474788576364517212e-02
2.209494821727275848e-02
4.871589317917823792e-02
1.919035986065864563e-02
3.160680830478668213e-02
2.364452369511127472e-02
1.942546479403972626e-02
3.236087784171104431e-02
3.748549520969390869e-02
4.037388786673545837e-02
2.002494595944881439e-02
1.947524584829807281e-02
2.607149630784988403e-02
3.654252737760543823e-02
1.597737334668636322e-02
3.389875218272209167e-02
3.170162439346313477e-02
1.916708983480930328e-02
3.142028301954269409e-02
1.300817821174860001e-02
