7.544173300266265869e-02
3.861429542303085327e-02
5.420469865202903748e-02
4.974847659468650818e-02
5.482938513159751892e-02
1.066047251224517822e-01
6.354323774576187134e-02
6.155221909284591675e-02
5.791221559047698975e-02
1.146864145994186401e-01
5.061958357691764832e-02
5.935223773121833801e-02
1.454466581344604492e-01
3.821589425206184387e-02
5.890931934118270874e-02
5.583450198173522949e-02
7.248785346746444702e-02
3.490789607167243958e-02
4.144350066781044006e-02
9.451336413621902466e-02
5.268334224820137024e-02
4.896943271160125732e-02
4.269807040691375732e-02
7.300931960344314575e-02
9.079183638095855713e-02
5.677780136466026306e-02
9.088949859142303467e-02
3.276978060603141785e-02
5.340772867202758789e-02
4.996517673134803772e-02
1.112970039248466492e-01
3.014625608921051025e-02
1.003835499286651611e-01
7.806796580553054810e-02
5.185478553175926208e-02
6.598576158285140991e-02
4.744532704353332520e-02
4.050366207957267761e-02
8.224228769540786743e-02
3.745445236563682556e-02
4.441132396459579468e-02
6.398109346628189087e-02
7.714141160249710083e-02
7.585695385932922363e-02
3.627460449934005737e-02
3.989873081445693970e-02
3.559089824557304382e-02
2.732487954199314117e-02
8.685860037803649902e-02
3.570484742522239685e-02
1.474340409040451050e-01
3.573310375213623047e-02
4.436666145920753479e-02
3.094047494232654572e-02
4.798041284084320068e-02
5.578131973743438721e-02
3.733152896165847778e-02
2.732792496681213379e-02
5.858186259865760803e-02
9.308654069900512695e-02
4.967752471566200256e-02
8.251121640205383301e-02
4.824565723538398743e-02
7.592286169528961182e-02
3.467252850532531738e-02
7.277055084705352783e-02
3.122800774872303009e-02
3.861841186881065369e-02
6.237544491887092590e-02
6.149812415242195129e-02
5.203114077448844910e-02
3.610013052821159363e-02
5.090510845184326172e-02
3.121673129498958588e-02
7.038743048906326294e-02
2.770781330764293671e-02
7.897882163524627686e-02
4.500816017389297485e-02
3.204486519098281860e-02
3.453598544001579285e-02
6.732226908206939697e-02
5.073506012558937073e-02
7.784241437911987305e-02
6.387013196945190430e-02
4.359007626771926880e-02
2.618767507374286652e-02
6.907392293214797974e-02
3.123447671532630920e-02
4.866321757435798645e-02
8.044555783271789551e-02
6.316329538822174072e-02
5.892198532819747925e-02
4.131117463111877441e-02
5.557690560817718506e-02
4.587109759449958801e-02
3.888452798128128052e-02
5.941104888916015625e-02
3.673171997070312500e-02
1.300121098756790161e-01
2.698635123670101166e-02
5.138820409774780273e-02
6.359018385410308838e-02
4.379388317465782166e-02
4.054737091064453125e-02
2.823808416724205017e-02
4.859965294599533081e-02
6.239168718457221985e-02
6.743208318948745728e-02
8.382196724414825439e-02
6.474880129098892212e-02
4.606075957417488098e-02
4.038009420037269592e-02
5.474004894495010376e-02
4.260242357850074768e-02
7.637193799018859863e-02
9.558209031820297241e-02
4.683308675885200500e-02
4.228952154517173767e-02
5.025714263319969177e-02
7.833800464868545532e-02
3.508570790290832520e-02
5.448229610919952393e-02
4.146033897995948792e-02
5.004296451807022095e-02
6.269094347953796387e-02
1.154551282525062561e-01
6.153953075408935547e-02
5.942514911293983459e-02
4.799045622348785400e-02
4.678955674171447754e-02
7.598800957202911377e-02
3.460819274187088013e-02
3.846905380487442017e-02
5.899761244654655457e-02
3.407798334956169128e-02
4.641631990671157837e-02
7.240648567676544189e-02
5.418736115097999573e-02
5.125822871923446655e-02
4.720163345336914062e-02
4.031979292631149292e-02
9.858912229537963867e-02
4.335265606641769409e-02
3.197992220520973206e-02
8.943922072649002075e-02
5.808007344603538513e-02
6.142559275031089783e-02
3.710008785128593445e-02
1.049399971961975098e-01
5.584153160452842712e-02
2.804128825664520264e-02
5.351321026682853699e-02
5.582031607627868652e-02
4.061213135719299316e-02
2.812351845204830170e-02
1.355748921632766724e-01
5.487813800573348999e-02
1.368886083364486694e-01
8.259554207324981689e-02
2.238501422107219696e-02
4.632797464728355408e-02
4.003502056002616882e-02
4.382293671369552612e-02
6.472130864858627319e-02
5.009451508522033691e-02
3.658677637577056885e-02
7.985349744558334351e-02
4.478276148438453674e-02
5.382413044571876526e-02
9.930668026208877563e-02
5.890969559550285339e-02
6.446723639965057373e-02
1.224566400051116943e-01
7.055694609880447388e-02
6.123777106404304504e-02
4.441340640187263489e-02
9.090207517147064209e-02
5.827485024929046631e-02
5.914014577865600586e-02
4.424564912915229797e-02
5.475308001041412354e-02
5.537708103656768799e-02
2.220942825078964233e-02
3.701068833470344543e-02
4.346464201807975769e-02
4.083128646016120911e-02
6.256064027547836304e-02
9.384255856275558472e-02
6.259439885616302490e-02
5.741605162620544434e-02
3.592752665281295776e-02
6.475906819105148315e-02
5.122876539826393127e-02
5.027993023395538330e-02
7.424408942461013794e-02
5.831830576062202454e-02
6.025433912873268127e-02
6.214741244912147522e-02
6.460021436214447021e-02
3.872631490230560303e-02
