1.295798923820257187e-02
2.957176230847835541e-02
1.644689962267875671e-02
1.479849871248006821e-02
1.364860776811838150e-02
2.608513087034225464e-02
3.029166348278522491e-02
2.765552885830402374e-02
1.344286743551492691e-02
1.231675222516059875e-02
1.041561178863048553e-02
1.931608468294143677e-02
2.999511733651161194e-02
2.072622999548912048e-02
1.987135224044322968e-02
1.410719379782676697e-02
2.719404920935630798e-02
1.881407946348190308e-02
1.359302829951047897e-02
2.021665126085281372e-02
3.457730636000633240e-02
3.505009785294532776e-02
1.338578108698129654e-02
1.897904649376869202e-02
3.783671930432319641e-02
9.911289438605308533e-03
2.860229276120662689e-02
1.157325506210327148e-02
1.172149740159511566e-02
2.777939662337303162e-02
1.972281746566295624e-02
3.198413550853729248e-02
1.377874519675970078e-02
3.373683989048004150e-02
1.107156742364168167e-02
2.822665311396121979e-02
1.129177864640951157e-02
2.476971596479415894e-02
2.297799661755561829e-02
9.987945668399333954e-03
1.476796437054872513e-02
1.439730450510978699e-02
1.644191518425941467e-02
4.035477340221405029e-02
3.701930493116378784e-02
1.084579713642597198e-02
1.080025266855955124e-02
1.771167106926441193e-02
1.581790857017040253e-02
2.062257379293441772e-02
1.676761731505393982e-02
2.796656265854835510e-02
3.757224231958389282e-02
8.814072236418724060e-03
7.387589197605848312e-03
1.285597402602434158e-02
2.112510427832603455e-02
3.182866051793098450e-02
4.240028932690620422e-02
1.310938969254493713e-02
1.371672004461288452e-02
2.532190829515457153e-02
2.220033854246139526e-02
2.961246855556964874e-02
1.961962506175041199e-02
2.594610303640365601e-02
1.008460577577352524e-02
1.628979109227657318e-02
1.323493849486112595e-02
1.439443789422512054e-02
1.425163075327873230e-02
1.465673930943012238e-02
1.215729210525751114e-02
3.250934183597564697e-02
1.126040145754814148e-02
1.583337597548961639e-02
4.803442209959030151e-02
2.077281102538108826e-02
2.103915438055992126e-02
1.153212320059537888e-02
1.474264729768037796e-02
1.371300499886274338e-02
2.228625118732452393e-02
2.236508764326572418e-02
8.870305493474006653e-03
1.251833047717809677e-02
2.507819049060344696e-02
2.027942426502704620e-02
2.590667270123958588e-02
1.526370272040367126e-02
4.335693269968032837e-02
1.813048683106899261e-02
2.212788723409175873e-02
1.490438729524612427e-02
3.098022378981113434e-02
1.923325471580028534e-02
1.409535948187112808e-02
3.753982484340667725e-02
3.277555108070373535e-02
1.967117004096508026e-02
1.967468112707138062e-02
2.203818969428539276e-02
2.108282595872879028e-02
3.115763701498508453e-02
9.109105914831161499e-03
9.985363110899925232e-03
2.253633365035057068e-02
3.417880460619926453e-02
5.946315359324216843e-03
2.246717177331447601e-02
2.916092425584793091e-02
1.133477780967950821e-02
1.299446355551481247e-02
1.374461594969034195e-02
1.566690951585769653e-02
1.068355515599250793e-02
1.042871363461017609e-02
3.033351711928844452e-02
1.758534647524356842e-02
2.767315879464149475e-02
1.001608464866876602e-02
3.126515448093414307e-02
1.471541356295347214e-02
1.678879372775554657e-02
1.539749093353748322e-02
1.623197831213474274e-02
2.456549741327762604e-02
3.169061616063117981e-02
1.734347827732563019e-02
1.297557819634675980e-02
3.423141315579414368e-02
1.512629911303520203e-02
2.553502470254898071e-02
2.044068463146686554e-02
1.583224162459373474e-02
1.761712692677974701e-02
1.037205383181571960e-02
2.777427621185779572e-02
1.314635109156370163e-02
1.057460997253656387e-02
2.264943532645702362e-02
1.019402686506509781e-02
1.510816719383001328e-02
1.610333472490310669e-02
2.200701646506786346e-02
1.354675181210041046e-02
1.705666817724704742e-02
1.146250776946544647e-02
3.200070559978485107e-02
2.345354855060577393e-02
3.041181154549121857e-02
2.730280160903930664e-02
2.758065238595008850e-02
1.003465708345174789e-02
1.578484848141670227e-02
1.224814075976610184e-02
2.250090800225734711e-02
4.873545467853546143e-02
1.752689294517040253e-02
1.097393874078989029e-02
1.424577087163925171e-02
1.731659658253192902e-02
1.294143963605165482e-02
1.069760322570800781e-02
9.080608375370502472e-03
2.676532603800296783e-02
2.177956141531467438e-02
2.312806621193885803e-02
3.528904914855957031e-02
1.368533167988061905e-02
2.473444119095802307e-02
2.785569056868553162e-02
2.082557231187820435e-02
1.763094402849674225e-02
2.090364880859851837e-02
3.917031735181808472e-02
7.143281865864992142e-03
2.852481417357921600e-02
8.932348340749740601e-03
2.054700627923011780e-02
3.433233126997947693e-02
3.643961995840072632e-02
1.233326271176338196e-02
3.147295489907264709e-02
1.362638548016548157e-02
2.485796250402927399e-02
9.091508574783802032e-03
2.077920362353324890e-02
2.962829731404781342e-02
3.275872766971588135e-02
1.855758205056190491e-02
2.168404869735240936e-02
9.798697195947170258e-03
2.021823264658451080e-02
3.397981449961662292e-02
1.602682285010814667e-02
1.546955946832895279e-02
2.623840235173702240e-02
1.481117121875286102e-02
1.314876321703195572e-02
