1.756522618234157562e-02
2.984094992280006409e-02
1.395270600914955139e-02
1.791211776435375214e-02
1.753140054643154144e-02
1.613346301019191742e-02
1.591703295707702637e-02
2.187592536211013794e-02
4.184190928936004639e-02
1.575360074639320374e-02
6.707029417157173157e-03
4.362617433071136475e-02
1.466431189328432083e-02
2.021132223308086395e-02
2.854015119373798370e-02
1.587645709514617920e-02
2.716663666069507599e-02
2.384461276233196259e-02
3.165695443749427795e-02
2.144480869174003601e-02
2.014659531414508820e-02
2.512730844318866730e-02
1.504324190318584442e-02
1.734479889273643494e-02
1.386043243110179901e-02
2.330214343965053558e-02
1.023119967430830002e-02
2.117819897830486298e-02
5.741602182388305664e-02
3.005961701273918152e-02
1.152183674275875092e-02
2.816636301577091217e-02
2.443827874958515167e-02
1.689594984054565430e-02
1.197522971779108047e-02
3.794295340776443481e-02
3.298671543598175049e-02
2.484311535954475403e-02
3.325222432613372803e-02
2.816630713641643524e-02
2.414680831134319305e-02
1.715586893260478973e-02
3.885595127940177917e-02
9.969443082809448242e-03
3.544823452830314636e-02
3.097211755812168121e-02
2.037934772670269012e-02
3.986922279000282288e-02
3.154473006725311279e-02
5.043609067797660828e-02
3.477426618337631226e-02
1.161604933440685272e-02
1.816073246300220490e-02
3.130100667476654053e-02
3.464765101671218872e-02
2.500020712614059448e-02
2.995933406054973602e-02
1.735845580697059631e-02
2.151100337505340576e-02
1.142335031181573868e-02
2.603273466229438782e-02
2.602207660675048828e-02
2.557250484824180603e-02
4.187616705894470215e-02
1.548184547573328018e-02
1.272827479988336563e-02
1.767850667238235474e-02
1.621139794588088989e-02
2.290490269660949707e-02
2.166045829653739929e-02
2.155735529959201813e-02
1.499235909432172775e-02
2.384688705205917358e-02
3.375778347253799438e-02
4.923062399029731750e-02
3.897946327924728394e-02
2.376726269721984863e-02
3.534828126430511475e-02
4.098305851221084595e-02
2.021002583205699921e-02
1.925926655530929565e-02
2.074747346341609955e-02
1.625860109925270081e-02
4.955580085515975952e-02
3.428585827350616455e-02
1.148065179586410522e-02
1.600854285061359406e-02
2.119153551757335663e-02
1.465266756713390350e-02
1.055016368627548218e-02
1.605572365224361420e-02
1.305832248181104660e-02
9.761163964867591858e-03
1.758976280689239502e-02
2.354473806917667389e-02
3.208530321717262268e-02
1.224981155246496201e-02
2.988297864794731140e-02
3.856527060270309448e-02
1.477272063493728638e-02
1.568372361361980438e-02
1.241155061870813370e-02
1.785211451351642609e-02
1.112950127571821213e-02
8.772948756814002991e-03
6.066114082932472229e-02
1.582096703350543976e-02
3.473573550581932068e-02
1.181691698729991913e-02
5.102914944291114807e-02
1.866178400814533234e-02
1.940582878887653351e-02
5.759122595191001892e-02
2.068995498120784760e-02
1.102998293936252594e-02
3.091710992157459259e-02
3.371473029255867004e-02
1.791922748088836670e-02
1.269456278532743454e-02
2.949760854244232178e-02
1.879721134901046753e-02
1.953957229852676392e-02
1.676698587834835052e-02
5.162054672837257385e-02
2.158706821501255035e-02
1.979841478168964386e-02
1.736228168010711670e-02
2.697804197669029236e-02
1.035717036575078964e-02
2.431717887520790100e-02
1.358626317232847214e-02
3.279542922973632812e-02
2.713953703641891479e-02
2.603488788008689880e-02
1.620549894869327545e-02
1.249316707253456116e-02
3.056336194276809692e-02
1.402542181313037872e-02
3.240237385034561157e-02
1.459067873656749725e-02
2.002913318574428558e-02
7.759682089090347290e-02
1.548222545534372330e-02
2.158690616488456726e-02
2.901991829276084900e-02
1.232334133237600327e-02
3.207404538989067078e-02
2.887240797281265259e-02
3.106955997645854950e-02
2.287879958748817444e-02
2.730126306414604187e-02
4.057541117072105408e-02
2.120529301464557648e-02
2.917529456317424774e-02
5.755301192402839661e-02
1.304335519671440125e-02
2.049610950052738190e-02
2.667787112295627594e-02
2.246489189565181732e-02
3.598238900303840637e-02
1.926949433982372284e-02
3.022187389433383942e-02
1.853744685649871826e-02
1.060830429196357727e-02
1.534886565059423447e-02
2.851756475865840912e-02
2.976865321397781372e-02
1.848046481609344482e-02
1.354332733899354935e-02
2.257820591330528259e-02
3.591499850153923035e-02
2.519599162042140961e-02
4.290041327476501465e-02
4.894953593611717224e-02
3.519855067133903503e-02
1.570817455649375916e-02
4.126470535993576050e-02
4.000267386436462402e-02
2.169940248131752014e-02
2.241505496203899384e-02
1.296174619346857071e-02
1.572478190064430237e-02
2.664222009479999542e-02
1.403437554836273193e-02
1.711484603583812714e-02
1.987990178167819977e-02
1.561750005930662155e-02
2.267689816653728485e-02
1.341470982879400253e-02
2.452411688864231110e-02
3.746604546904563904e-02
1.583849452435970306e-02
1.797088421881198883e-02
6.275482475757598877e-02
2.585965767502784729e-02
2.767921611666679382e-02
3.418590873479843140e-02
4.160118475556373596e-02
1.963325962424278259e-02
1.821727491915225983e-02
