2.294967696070671082e-02
1.699344441294670105e-02
1.764401234686374664e-02
4.654471203684806824e-02
4.153224825859069824e-02
1.825592853128910065e-02
2.843641489744186401e-02
2.601383998990058899e-02
1.886000856757164001e-02
3.713011741638183594e-02
2.185262739658355713e-02
3.645195439457893372e-02
2.845642901957035065e-02
3.488542512059211731e-02
6.836725771427154541e-02
2.546738646924495697e-02
5.241610854864120483e-02
2.966570854187011719e-02
2.910040877759456635e-02
2.888242155313491821e-02
6.447158753871917725e-02
4.188138991594314575e-02
3.414817526936531067e-02
1.726004667580127716e-02
3.634539619088172913e-02
3.045647591352462769e-02
1.628637313842773438e-02
1.828874275088310242e-02
1.513466052711009979e-02
2.058902941644191742e-02
5.318289995193481445e-02
2.049753442406654358e-02
5.349236354231834412e-02
6.328677386045455933e-02
2.311374619603157043e-02
2.195940725505352020e-02
3.278852999210357666e-02
2.705489099025726318e-02
4.366241768002510071e-02
6.871244311332702637e-02
2.172879502177238464e-02
2.704135701060295105e-02
4.463674873113632202e-02
2.399241924285888672e-02
3.257845342159271240e-02
3.353659436106681824e-02
4.378602653741836548e-02
3.500712662935256958e-02
4.702720418572425842e-02
6.741571426391601562e-02
2.760302647948265076e-02
1.932151615619659424e-02
1.987369358539581299e-02
3.327659144997596741e-02
2.157695963978767395e-02
1.490010786801576614e-02
3.520498797297477722e-02
4.036096483469009399e-02
3.190517053008079529e-02
3.993650153279304504e-02
2.975420653820037842e-02
4.712143540382385254e-02
2.749788202345371246e-02
2.354764938354492188e-02
2.814482338726520538e-02
4.631325230002403259e-02
1.629581674933433533e-02
2.446910552680492401e-02
4.153952747583389282e-02
3.236226737499237061e-02
2.732339315116405487e-02
3.093305416405200958e-02
2.441378869116306305e-02
9.259107522666454315e-03
1.528435293585062027e-02
2.733053825795650482e-02
2.930564992129802704e-02
1.300218515098094940e-02
4.512793570756912231e-02
2.671064063906669617e-02
2.845304459333419800e-02
2.271707355976104736e-02
3.907359391450881958e-02
4.276390746235847473e-02
2.893635258078575134e-02
2.385422401130199432e-02
1.399701926857233047e-02
2.467649802565574646e-02
5.622131004929542542e-02
1.150494161993265152e-02
6.789968907833099365e-02
6.086422875523567200e-02
2.746923081576824188e-02
2.624806389212608337e-02
1.565918140113353729e-02
2.865182422101497650e-02
2.251790091395378113e-02
2.751970663666725159e-02
1.707203499972820282e-02
1.722672767937183380e-02
4.920189827680587769e-02
3.269955143332481384e-02
3.816690295934677124e-02
4.574663564562797546e-02
2.835395559668540955e-02
3.277911618351936340e-02
2.760476991534233093e-02
2.959041297435760498e-02
3.043091110885143280e-02
5.748955905437469482e-02
4.881064221262931824e-02
7.117006182670593262e-02
4.741851985454559326e-02
2.784351073205471039e-02
1.861453987658023834e-02
3.077152557671070099e-02
2.558319456875324249e-02
4.009596630930900574e-02
2.023220062255859375e-02
3.081691265106201172e-02
2.813844569027423859e-02
3.056914359331130981e-02
3.286186233162879944e-02
2.067572809755802155e-02
1.971042156219482422e-02
4.045622423291206360e-02
3.289199993014335632e-02
5.864480510354042053e-02
2.098600380122661591e-02
2.745866030454635620e-02
3.426230326294898987e-02
5.910871177911758423e-02
1.093411166220903397e-02
3.703722357749938965e-02
2.279170975089073181e-02
2.333601005375385284e-02
4.163110628724098206e-02
4.581933096051216125e-02
3.757553547620773315e-02
3.912268206477165222e-02
2.235238999128341675e-02
3.210808709263801575e-02
3.488060832023620605e-02
3.633899241685867310e-02
2.165187150239944458e-02
3.555561974644660950e-02
1.072604767978191376e-02
3.149500116705894470e-02
5.329214408993721008e-02
1.876682974398136139e-02
2.137133292853832245e-02
1.885339431464672089e-02
1.905093900859355927e-02
2.249202504754066467e-02
2.938569523394107819e-02
4.825334250926971436e-02
5.434004962444305420e-02
1.187459100037813187e-02
1.991616375744342804e-02
3.502223268151283264e-02
3.953061252832412720e-02
1.493712887167930603e-02
2.000886388123035431e-02
2.392834797501564026e-02
2.348994277417659760e-02
4.239931702613830566e-02
5.778030678629875183e-02
5.253243073821067810e-02
5.409425124526023865e-02
3.409654647111892700e-02
1.928095333278179169e-02
5.081744864583015442e-02
3.163022547960281372e-02
4.501752555370330811e-02
5.826814845204353333e-02
2.120595425367355347e-02
3.078326210379600525e-02
1.717067882418632507e-02
2.664228342473506927e-02
8.820745348930358887e-02
1.718222908675670624e-02
4.296681284904479980e-02
2.395892143249511719e-02
2.575390785932540894e-02
2.879297919571399689e-02
2.570942975580692291e-02
2.947875484824180603e-02
5.704697966575622559e-02
2.422944083809852600e-02
2.847257070243358612e-02
3.866555914282798767e-02
1.753621175885200500e-02
2.373227290809154510e-02
7.701539248228073120e-02
3.001261129975318909e-02
2.282906696200370789e-02
2.261165343225002289e-02
5.787860974669456482e-02
2.227892540395259857e-02
4.032301902770996094e-02
