3.333333432674407959e-01
3.333333432674407959e-01
6.615873575210571289e-01
6.583620905876159668e-01
9.845427870750427246e-01
3.333333432674407959e-01
9.851128458976745605e-01
9.798659682273864746e-01
9.809905886650085449e-01
9.678966403007507324e-01
9.722020030021667480e-01
9.831826090812683105e-01
3.333333432674407959e-01
6.592096686363220215e-01
3.333333432674407959e-01
9.877682924270629883e-01
9.835779666900634766e-01
9.769367575645446777e-01
3.333333432674407959e-01
3.333333432674407959e-01
3.333333432674407959e-01
9.751384258270263672e-01
9.827704429626464844e-01
3.333333432674407959e-01
3.333333432674407959e-01
3.333333432674407959e-01
9.795770049095153809e-01
9.646040797233581543e-01
3.333333432674407959e-01
9.628738164901733398e-01
9.704133868217468262e-01
9.725509881973266602e-01
9.685854315757751465e-01
9.819819331169128418e-01
3.333333432674407959e-01
3.333333432674407959e-01
3.333333432674407959e-01
3.333333432674407959e-01
3.333333432674407959e-01
3.333333432674407959e-01
9.841463565826416016e-01
9.827703833580017090e-01
3.333333432674407959e-01
9.852683544158935547e-01
9.894806146621704102e-01
9.932331442832946777e-01
3.333333432674407959e-01
3.333333432674407959e-01
3.333333432674407959e-01
6.615697741508483887e-01
6.520561575889587402e-01
9.811439514160156250e-01
9.793051481246948242e-01
9.764820933341979980e-01
9.708100557327270508e-01
6.418218612670898438e-01
3.333333432674407959e-01
3.333333432674407959e-01
3.333333432674407959e-01
3.333333432674407959e-01
6.517795920372009277e-01
6.495572924613952637e-01
9.832857847213745117e-01
3.333333432674407959e-01
3.333333432674407959e-01
3.333333432674407959e-01
3.333333432674407959e-01
3.333333432674407959e-01
9.925076365470886230e-01
3.333333432674407959e-01
3.333333432674407959e-01
3.333333432674407959e-01
3.333333432674407959e-01
6.528357267379760742e-01
9.839395880699157715e-01
3.333333432674407959e-01
3.333333432674407959e-01
3.333333432674407959e-01
9.897434115409851074e-01
6.562523841857910156e-01
6.634985804557800293e-01
3.333333432674407959e-01
3.333333432674407959e-01
6.592273116111755371e-01
3.333333432674407959e-01
3.333333432674407959e-01
3.333333432674407959e-01
9.776961207389831543e-01
9.771560430526733398e-01
9.766336679458618164e-01
9.741844534873962402e-01
9.732999801635742188e-01
9.738838076591491699e-01
6.523851752281188965e-01
3.333333432674407959e-01
3.333333432674407959e-01
6.584503054618835449e-01
9.883262515068054199e-01
9.882043600082397461e-01
9.815542101860046387e-01
9.784065485000610352e-01
9.719364047050476074e-01
9.674545526504516602e-01
3.333333432674407959e-01
9.547082781791687012e-01
3.333333432674407959e-01
3.333333432674407959e-01
3.333333432674407959e-01
3.333333432674407959e-01
9.928259253501892090e-01
3.333333432674407959e-01
3.333333432674407959e-01
3.333333432674407959e-01
9.881345629692077637e-01
9.880647659301757812e-01
3.333333432674407959e-01
9.841635227203369141e-01
3.333333432674407959e-01
3.333333432674407959e-01
3.333333432674407959e-01
3.333333432674407959e-01
3.333333432674407959e-01
3.333333432674407959e-01
3.333333432674407959e-01
3.333333432674407959e-01
9.676345586776733398e-01
9.653345942497253418e-01
9.703804254531860352e-01
9.723514914512634277e-01
3.333333432674407959e-01
3.333333432674407959e-01
9.948850870132446289e-01
3.333333432674407959e-01
3.333333432674407959e-01
3.333333432674407959e-01
9.899538755416870117e-01
9.889904856681823730e-01
3.333333432674407959e-01
9.856492280960083008e-01
3.333333432674407959e-01
9.838362932205200195e-01
3.333333432674407959e-01
3.333333432674407959e-01
3.333333432674407959e-01
3.333333432674407959e-01
9.941025972366333008e-01
9.920129179954528809e-01
9.889204502105712891e-01
9.868633747100830078e-01
9.859783649444580078e-01
9.860303401947021484e-01
9.859783649444580078e-01
9.873155951499938965e-01
3.333333432674407959e-01
3.333333432674407959e-01
9.902698397636413574e-01
3.333333432674407959e-01
3.333333432674407959e-01
9.814516901969909668e-01
9.770211577415466309e-01
9.806323051452636719e-01
9.814345836639404297e-01
3.333333432674407959e-01
9.799510836601257324e-01
3.333333432674407959e-01
3.333333432674407959e-01
3.333333432674407959e-01
9.936057329177856445e-01
9.882740974426269531e-01
3.333333432674407959e-01
9.885184764862060547e-01
9.900413751602172852e-01
3.333333432674407959e-01
3.333333432674407959e-01
3.333333432674407959e-01
3.333333432674407959e-01
3.333333432674407959e-01
6.565329432487487793e-01
9.835608005523681641e-01
3.333333432674407959e-01
9.765157699584960938e-01
6.516067385673522949e-01
3.333333432674407959e-01
3.333333432674407959e-01
3.333333432674407959e-01
3.333333432674407959e-01
9.827189445495605469e-01
9.858050346374511719e-01
9.852166175842285156e-01
9.799851179122924805e-01
9.814174175262451172e-01
3.333333432674407959e-01
9.889379739761352539e-01
6.572176814079284668e-01
6.631049513816833496e-01
3.333333432674407959e-01
3.333333432674407959e-01
3.333333432674407959e-01
9.884311556816101074e-01
9.802744388580322266e-01
9.812295436859130859e-01
9.756919741630554199e-01
6.447178721427917480e-01
6.425434350967407227e-01
3.333333432674407959e-01
3.333333432674407959e-01
3.333333432674407959e-01
3.333333432674407959e-01
3.333333432674407959e-01
6.499867439270019531e-01
3.333333432674407959e-01
9.841808080673217773e-01
9.815201163291931152e-01
9.859783649444580078e-01
9.846464395523071289e-01
9.886757135391235352e-01
9.916247725486755371e-01
3.333333432674407959e-01
3.333333432674407959e-01
3.333333432674407959e-01
3.333333432674407959e-01
9.794919490814208984e-01
9.748535156250000000e-01
3.333333432674407959e-01
3.333333432674407959e-01
3.333333432674407959e-01
9.853720068931579590e-01
3.333333432674407959e-01
9.812807440757751465e-01
9.775947928428649902e-01
9.769704341888427734e-01
9.771897196769714355e-01
3.333333432674407959e-01
3.333333432674407959e-01
9.792882204055786133e-01
6.469411253929138184e-01
6.527316570281982422e-01
3.333333432674407959e-01
3.333333432674407959e-01
3.333333432674407959e-01
3.333333432674407959e-01
9.948140978813171387e-01
9.920659065246582031e-01
9.907443523406982422e-01
9.894632101058959961e-01
3.333333432674407959e-01
3.333333432674407959e-01
9.829249382019042969e-01
9.838190078735351562e-01
3.333333432674407959e-01
3.333333432674407959e-01
3.333333432674407959e-01
9.955805540084838867e-01
9.915894865989685059e-01
9.897785186767578125e-01
9.869155883789062500e-01
9.885885119438171387e-01
9.875593185424804688e-01
9.873852133750915527e-01
9.879252910614013672e-01
3.333333432674407959e-01
3.333333432674407959e-01
3.333333432674407959e-01
6.642877459526062012e-01
9.938895106315612793e-01
9.912723302841186523e-01
3.333333432674407959e-01
3.333333432674407959e-01
3.333333432674407959e-01
9.879776239395141602e-01
9.858916997909545898e-01
9.848710298538208008e-01
3.333333432674407959e-01
3.333333432674407959e-01
3.333333432674407959e-01
3.333333432674407959e-01
9.957763552665710449e-01
9.948319196701049805e-01
9.921188354492187500e-01
9.898311495780944824e-01
3.333333432674407959e-01
3.333333432674407959e-01
9.883440732955932617e-01
3.333333432674407959e-01
3.333333432674407959e-01
3.333333432674407959e-01
3.333333432674407959e-01
6.613561511039733887e-01
9.931623935699462891e-01
9.917129874229431152e-01
9.881693124771118164e-01
9.884662032127380371e-01
9.884138107299804688e-01
3.333333432674407959e-01
3.333333432674407959e-01
9.854934215545654297e-01
6.521427631378173828e-01
3.333333432674407959e-01
3.333333432674407959e-01
9.909906387329101562e-01
9.903929233551025391e-01
9.902875423431396484e-01
9.902875423431396484e-01
9.879252314567565918e-01
3.333333432674407959e-01
9.932863116264343262e-01
6.583268046379089355e-01
6.619796752929687500e-01
3.333333432674407959e-01
3.333333432674407959e-01
3.333333432674407959e-01
6.539472341537475586e-01
3.333333432674407959e-01
3.333333432674407959e-01
3.333333432674407959e-01
3.333333432674407959e-01
9.654644727706909180e-01
9.731166362762451172e-01
9.735666513442993164e-01
3.333333432674407959e-01
3.333333432674407959e-01
3.333333432674407959e-01
3.333333432674407959e-01
9.949027299880981445e-01
9.919423460960388184e-01
9.890253543853759766e-01
3.333333432674407959e-01
3.333333432674407959e-01
9.899539947509765625e-01
9.891304969787597656e-01
6.561123728752136230e-01
3.333333432674407959e-01
3.333333432674407959e-01
3.333333432674407959e-01
3.333333432674407959e-01
3.333333432674407959e-01
3.292354047298431396e-01
9.941912889480590820e-01
9.919247031211853027e-01
9.908850193023681641e-01
9.880646467208862305e-01
9.864118099212646484e-01
6.557096838951110840e-01
6.603788137435913086e-01
3.333333432674407959e-01
3.333333432674407959e-01
3.333333432674407959e-01
9.980520606040954590e-01
3.333333432674407959e-01
9.915894865989685059e-01
9.900943040847778320e-01
3.333333432674407959e-01
9.873852133750915527e-01
3.333333432674407959e-01
9.883265495300292969e-01
3.333333432674407959e-01
3.333333432674407959e-01
9.883265495300292969e-01
3.333333432674407959e-01
3.333333432674407959e-01
3.333333432674407959e-01
9.946891665458679199e-01
9.921187758445739746e-01
9.896908998489379883e-01
9.905685782432556152e-01
9.891480207443237305e-01
6.570068597793579102e-01
3.333333432674407959e-01
3.333333432674407959e-01
3.333333432674407959e-01
3.333333432674407959e-01
3.333333432674407959e-01
3.333333432674407959e-01
9.741007685661315918e-01
9.793220758438110352e-01
9.766503572463989258e-01
9.724511504173278809e-01
9.668986797332763672e-01
3.333333432674407959e-01
3.333333432674407959e-01
9.560937881469726562e-01
3.333333432674407959e-01
3.333333432674407959e-01
3.333333432674407959e-01
3.333333432674407959e-01
9.667844176292419434e-01
9.675036668777465820e-01
9.648960828781127930e-01
3.333333432674407959e-01
9.578504562377929688e-01
3.333333432674407959e-01
9.620845317840576172e-01
9.642311930656433105e-01
9.715216159820556641e-01
9.888678789138793945e-01
3.333333432674407959e-01
3.333333432674407959e-01
3.333333432674407959e-01
6.607517004013061523e-01
6.504513025283813477e-01
6.517968177795410156e-01
3.333333432674407959e-01
9.787962436676025391e-01
9.751049280166625977e-01
3.333333432674407959e-01
9.732500314712524414e-01
3.333333432674407959e-01
9.785759449005126953e-01
3.333333432674407959e-01
3.333333432674407959e-01
6.614096164703369141e-01
3.333333432674407959e-01
3.333333432674407959e-01
9.802063703536987305e-01
9.819990992546081543e-01
9.789997339248657227e-01
9.787454009056091309e-01
9.774935245513916016e-01
9.828047752380371094e-01
6.581506133079528809e-01
3.333333432674407959e-01
3.333333432674407959e-01
3.333333432674407959e-01
3.333333432674407959e-01
3.333333432674407959e-01
9.919773340225219727e-01
9.855796694755554199e-01
9.841117858886718750e-01
3.333333432674407959e-01
9.777637720108032227e-01
9.767009615898132324e-01
9.768525958061218262e-01
3.333333432674407959e-01
3.333333432674407959e-01
3.333333432674407959e-01
9.801212549209594727e-01
3.333333432674407959e-01
3.333333432674407959e-01
3.333333432674407959e-01
3.333333432674407959e-01
3.333333432674407959e-01
9.946169257164001465e-01
9.948315620422363281e-01
9.915894269943237305e-01
9.894980788230895996e-01
3.333333432674407959e-01
3.333333432674407959e-01
9.847673773765563965e-01
3.333333432674407959e-01
3.333333432674407959e-01
3.333333432674407959e-01
3.333333432674407959e-01
6.587498188018798828e-01
9.904806017875671387e-01
9.887806177139282227e-01
9.866201281547546387e-01
3.333333432674407959e-01
6.487513780593872070e-01
3.333333432674407959e-01
3.333333432674407959e-01
3.333333432674407959e-01
3.333333432674407959e-01
3.333333432674407959e-01
6.628543138504028320e-01
9.923836588859558105e-01
3.333333432674407959e-01
9.871937036514282227e-01
3.333333432674407959e-01
9.859262704849243164e-01
9.876986742019653320e-01
3.333333432674407959e-01
3.333333432674407959e-01
3.333333432674407959e-01
3.333333432674407959e-01
3.333333432674407959e-01
9.854934215545654297e-01
3.333333432674407959e-01
9.748871326446533203e-01
9.771054983139038086e-01
3.333333432674407959e-01
3.333333432674407959e-01
9.904102087020874023e-01
9.882564544677734375e-01
9.813489913940429688e-01
9.798489809036254883e-01
9.795090556144714355e-01
3.333333432674407959e-01
6.471456289291381836e-01
3.333333432674407959e-01
3.333333432674407959e-01
6.597225666046142578e-01
9.910080432891845703e-01
3.333333432674407959e-01
9.833199977874755859e-01
9.805299639701843262e-01
3.333333432674407959e-01
6.447686553001403809e-01
3.333333432674407959e-01
3.333333432674407959e-01
3.333333432674407959e-01
3.333333432674407959e-01
3.333333432674407959e-01
9.919070005416870117e-01
9.870545864105224609e-01
9.884661436080932617e-01
3.333333432674407959e-01
9.811952114105224609e-01
3.333333432674407959e-01
3.333333432674407959e-01
3.333333432674407959e-01
3.333333432674407959e-01
3.333333432674407959e-01
3.333333432674407959e-01
6.559544801712036133e-01
9.795424342155456543e-01
3.333333432674407959e-01
6.393505930900573730e-01
3.333333432674407959e-01
3.333333432674407959e-01
9.952948093414306641e-01
9.934637546539306641e-01
9.912194609642028809e-01
9.889029860496520996e-01
9.885883331298828125e-01
9.877335429191589355e-01
3.333333432674407959e-01
9.873851537704467773e-01
9.870545864105224609e-01
3.333333432674407959e-01
3.333333432674407959e-01
3.333333432674407959e-01
3.333333432674407959e-01
3.333333432674407959e-01
3.333333432674407959e-01
9.772908687591552734e-01
9.672580957412719727e-01
3.333333432674407959e-01
9.714554548263549805e-01
6.427954435348510742e-01
3.333333432674407959e-01
3.333333432674407959e-01
9.900240898132324219e-01
9.850263595581054688e-01
9.796279668807983398e-01
6.391178965568542480e-01
3.333333432674407959e-01
3.333333432674407959e-01
3.333333432674407959e-01
6.571471691131591797e-01
9.883786439895629883e-01
9.869675636291503906e-01
9.813832044601440430e-01
3.333333432674407959e-01
6.472989320755004883e-01
3.333333432674407959e-01
3.333333432674407959e-01
3.333333432674407959e-01
9.904807806015014648e-01
3.333333432674407959e-01
3.333333432674407959e-01
9.725675582885742188e-01
6.534084677696228027e-01
3.333333432674407959e-01
3.333333432674407959e-01
6.510026454925537109e-01
3.333333432674407959e-01
9.824960231781005859e-01
3.333333432674407959e-01
9.799510836601257324e-01
3.333333432674407959e-01
9.823588728904724121e-01
3.333333432674407959e-01
9.923485517501831055e-01
9.978361129760742188e-01
3.333333432674407959e-01
6.626397967338562012e-01
6.580976247787475586e-01
9.890953302383422852e-01
9.889204502105712891e-01
9.872981905937194824e-01
9.851993322372436523e-01
9.850956201553344727e-01
3.333333432674407959e-01
6.538082957267761230e-01
3.333333432674407959e-01
3.333333432674407959e-01
3.333333432674407959e-01
3.333333432674407959e-01
9.896030426025390625e-01
9.878728389739990234e-01
9.841117262840270996e-01
3.333333432674407959e-01
3.333333432674407959e-01
9.785928726196289062e-01
3.333333432674407959e-01
3.333333432674407959e-01
3.333333432674407959e-01
3.333333432674407959e-01
3.333333432674407959e-01
3.333333432674407959e-01
9.910258054733276367e-01
3.333333432674407959e-01
9.876116514205932617e-01
9.851647615432739258e-01
3.333333432674407959e-01
9.795770049095153809e-01
9.713892936706542969e-01
3.333333432674407959e-01
3.333333432674407959e-01
3.333333432674407959e-01
3.333333432674407959e-01
9.882217645645141602e-01
3.333333432674407959e-01
9.802063703536987305e-01
3.333333432674407959e-01
3.333333432674407959e-01
3.333333432674407959e-01
6.422915458679199219e-01
6.423754692077636719e-01
3.333333432674407959e-01
3.333333432674407959e-01
3.333333432674407959e-01
6.629976034164428711e-01
9.918011426925659180e-01
9.876637458801269531e-01
9.883440732955932617e-01
9.854587912559509277e-01
9.818621873855590820e-01
3.333333432674407959e-01
3.333333432674407959e-01
3.333333432674407959e-01
3.333333432674407959e-01
3.333333432674407959e-01
3.333333432674407959e-01
9.961690902709960938e-01
9.925252795219421387e-01
9.916071295738220215e-01
9.910082817077636719e-01
9.900242686271667480e-01
9.889730811119079590e-01
9.874374866485595703e-01
9.861344099044799805e-01
6.558322310447692871e-01
3.333333432674407959e-01
3.333333432674407959e-01
3.333333432674407959e-01
3.333333432674407959e-01
6.608581542968750000e-01
3.333333432674407959e-01
3.333333432674407959e-01
3.333333432674407959e-01
3.333333432674407959e-01
9.842497110366821289e-01
3.333333432674407959e-01
9.677327871322631836e-01
9.709257483482360840e-01
3.333333432674407959e-01
3.333333432674407959e-01
3.333333432674407959e-01
3.333333432674407959e-01
3.333333432674407959e-01
3.333333432674407959e-01
9.878901839256286621e-01
9.841289520263671875e-01
3.333333432674407959e-01
9.846981763839721680e-01
6.536343097686767578e-01
3.333333432674407959e-01
3.333333432674407959e-01
3.333333432674407959e-01
3.333333432674407959e-01
9.892879724502563477e-01
9.879076480865478516e-01
3.333333432674407959e-01
3.333333432674407959e-01
9.806152582168579102e-01
9.784066081047058105e-01
3.333333432674407959e-01
9.820847511291503906e-01
3.333333432674407959e-01
3.333333432674407959e-01
3.333333432674407959e-01
3.333333432674407959e-01
3.333333432674407959e-01
3.333333432674407959e-01
6.505028605461120605e-01
9.842497110366821289e-01
3.333333432674407959e-01
9.863076210021972656e-01
9.871067404747009277e-01
3.333333432674407959e-01
3.333333432674407959e-01
3.333333432674407959e-01
3.333333432674407959e-01
3.333333432674407959e-01
3.333333432674407959e-01
3.333333432674407959e-01
6.567260026931762695e-01
9.827876091003417969e-01
9.859436750411987305e-01
9.858916997909545898e-01
9.810587763786315918e-01
3.333333432674407959e-01
9.883787631988525391e-01
3.333333432674407959e-01
6.572352647781372070e-01
6.629258990287780762e-01
3.333333432674407959e-01
3.333333432674407959e-01
6.605917215347290039e-01
9.917306303977966309e-01
9.881519079208374023e-01
9.872111678123474121e-01
9.839739203453063965e-01
9.842151999473571777e-01
6.533910632133483887e-01
3.333333432674407959e-01
3.333333432674407959e-01
3.333333432674407959e-01
3.333333432674407959e-01
6.549756526947021484e-01
3.333333432674407959e-01
9.880821704864501953e-01
9.819990396499633789e-01
9.782203435897827148e-01
9.735167026519775391e-01
3.333333432674407959e-01
9.763474464416503906e-01
9.796110391616821289e-01
6.463626623153686523e-01
3.333333432674407959e-01
3.333333432674407959e-01
6.577629446983337402e-01
6.530959010124206543e-01
9.814170598983764648e-01
3.333333432674407959e-01
9.785589575767517090e-01
3.333333432674407959e-01
3.333333432674407959e-01
9.670294523239135742e-01
9.754067659378051758e-01
6.497118473052978516e-01
3.333333432674407959e-01
3.333333432674407959e-01
3.333333432674407959e-01
9.962230920791625977e-01
9.913601875305175781e-01
9.902698397636413574e-01
3.333333432674407959e-01
9.878206253051757812e-01
9.881345033645629883e-01
9.876986742019653320e-01
9.882566332817077637e-01
3.333333432674407959e-01
3.333333432674407959e-01
3.333333432674407959e-01
3.333333432674407959e-01
3.333333432674407959e-01
9.937118887901306152e-01
9.914131164550781250e-01
9.889204502105712891e-01
9.886757135391235352e-01
9.862555861473083496e-01
9.876289367675781250e-01
3.333333432674407959e-01
3.333333432674407959e-01
3.333333432674407959e-01
3.333333432674407959e-01
3.333333432674407959e-01
6.627294421195983887e-01
3.333333432674407959e-01
9.921188354492187500e-01
9.876289367675781250e-01
9.859436750411987305e-01
9.860303401947021484e-01
3.333333432674407959e-01
3.333333432674407959e-01
3.333333432674407959e-01
3.333333432674407959e-01
3.333333432674407959e-01
3.333333432674407959e-01
3.333333432674407959e-01
6.582383513450622559e-01
6.558494567871093750e-01
9.870892763137817383e-01
9.849917888641357422e-01
9.829763770103454590e-01
3.333333432674407959e-01
6.529223322868347168e-01
3.333333432674407959e-01
3.333333432674407959e-01
3.333333432674407959e-01
9.957408905029296875e-01
9.943515062332153320e-01
9.889379739761352539e-01
9.853549003601074219e-01
9.825645685195922852e-01
3.333333432674407959e-01
9.851129055023193359e-01
9.856145381927490234e-01
6.514340639114379883e-01
6.502619981765747070e-01
3.333333432674407959e-01
9.947069883346557617e-01
3.333333432674407959e-01
9.916424155235290527e-01
9.895156621932983398e-01
9.894981384277343750e-01
9.833716750144958496e-01
9.838535189628601074e-01
9.860476851463317871e-01
6.550979614257812500e-01
3.333333432674407959e-01
6.564791202545166016e-01
6.528875827789306641e-01
3.333333432674407959e-01
9.719692468643188477e-01
9.653019309043884277e-01
9.618593454360961914e-01
3.333333432674407959e-01
3.333333432674407959e-01
3.333333432674407959e-01
3.333333432674407959e-01
3.333333432674407959e-01
3.333333432674407959e-01
3.333333432674407959e-01
3.333333432674407959e-01
3.333333432674407959e-01
9.652533531188964844e-01
9.611369371414184570e-01
9.583904743194580078e-01
3.333333432674407959e-01
3.333333432674407959e-01
3.333333432674407959e-01
9.714884757995605469e-01
6.546790599822998047e-01
3.333333432674407959e-01
3.333333432674407959e-01
3.333333432674407959e-01
3.333333432674407959e-01
9.840257167816162109e-01
9.801212549209594727e-01
9.813662767410278320e-01
9.833716154098510742e-01
3.333333432674407959e-01
3.333333432674407959e-01
3.333333432674407959e-01
9.889029860496520996e-01
9.914132356643676758e-01
6.584150195121765137e-01
3.333333432674407959e-01
9.900416135787963867e-01
9.884312152862548828e-01
9.862383604049682617e-01
9.827532768249511719e-01
9.797639846801757812e-01
3.333333432674407959e-01
9.817423820495605469e-01
6.487342715263366699e-01
3.333333432674407959e-01
3.333333432674407959e-01
3.333333432674407959e-01
9.917659163475036621e-01
9.889554977416992188e-01
9.890779852867126465e-01
3.333333432674407959e-01
9.895683526992797852e-01
3.333333432674407959e-01
3.333333432674407959e-01
6.554648876190185547e-01
3.333333432674407959e-01
3.333333432674407959e-01
3.333333432674407959e-01
6.532868742942810059e-01
9.835262298583984375e-01
9.815371036529541016e-01
3.333333432674407959e-01
9.783558249473571777e-01
9.743516445159912109e-01
9.758431315422058105e-01
6.498491764068603516e-01
3.333333432674407959e-01
6.505371928215026855e-01
9.759604334831237793e-01
3.333333432674407959e-01
9.719860553741455078e-01
9.706445932388305664e-01
6.475718021392822266e-01
3.333333432674407959e-01
3.333333432674407959e-01
3.333333432674407959e-01
9.944403171539306641e-01
3.333333432674407959e-01
9.880995154380798340e-01
9.855279326438903809e-01
3.333333432674407959e-01
9.838017821311950684e-01
9.866201877593994141e-01
3.333333432674407959e-01
3.333333432674407959e-01
3.333333432674407959e-01
3.333333432674407959e-01
3.333333432674407959e-01
3.333333432674407959e-01
9.908322691917419434e-01
3.333333432674407959e-01
9.895682334899902344e-01
9.892529845237731934e-01
6.545919179916381836e-01
6.564277410507202148e-01
3.333333432674407959e-01
3.333333432674407959e-01
3.333333432674407959e-01
6.561297178268432617e-01
3.333333432674407959e-01
9.804958105087280273e-01
9.776285886764526367e-01
3.333333432674407959e-01
9.804959297180175781e-01
9.798490405082702637e-01
9.817252159118652344e-01
3.333333432674407959e-01
9.942436218261718750e-01
9.888502359390258789e-01
9.818618297576904297e-01
3.333333432674407959e-01
9.832170009613037109e-01
3.333333432674407959e-01
6.477595567703247070e-01
6.516586542129516602e-01
3.333333432674407959e-01
3.333333432674407959e-01
6.607871055603027344e-01
9.870371222496032715e-01
3.333333432674407959e-01
3.333333432674407959e-01
3.333333432674407959e-01
9.771223068237304688e-01
3.333333432674407959e-01
3.333333432674407959e-01
3.333333432674407959e-01
3.333333432674407959e-01
3.333333432674407959e-01
6.568487882614135742e-01
9.858741164207458496e-01
9.853894114494323730e-01
9.870719909667968750e-01
9.855279326438903809e-01
6.526623964309692383e-01
3.333333432674407959e-01
3.333333432674407959e-01
3.333333432674407959e-01
3.333333432674407959e-01
3.333333432674407959e-01
9.957408905029296875e-01
9.931268095970153809e-01
9.896382689476013184e-01
9.883090257644653320e-01
9.866027832031250000e-01
9.820675253868103027e-01
3.333333432674407959e-01
6.565679907798767090e-01
3.333333432674407959e-01
3.333333432674407959e-01
3.333333432674407959e-01
9.899187088012695312e-01
3.333333432674407959e-01
3.333333432674407959e-01
9.834405183792114258e-01
3.333333432674407959e-01
9.815542697906494141e-01
9.808881282806396484e-01
6.488541960716247559e-01
3.333333432674407959e-01
3.333333432674407959e-01
3.333333432674407959e-01
9.946177005767822266e-01
9.928259253501892090e-01
9.914132952690124512e-01
9.908499121665954590e-01
9.895858168601989746e-01
3.333333432674407959e-01
9.875071048736572266e-01
9.873678088188171387e-01
6.580271720886230469e-01
3.333333432674407959e-01
3.333333432674407959e-01
6.542955636978149414e-01
3.333333432674407959e-01
3.333333432674407959e-01
9.820332527160644531e-01
9.781357049942016602e-01
9.765157699584960938e-01
3.333333432674407959e-01
9.763474464416503906e-01
3.333333432674407959e-01
3.333333432674407959e-01
3.333333432674407959e-01
3.333333432674407959e-01
3.333333432674407959e-01
3.333333432674407959e-01
9.832684993743896484e-01
9.812978506088256836e-01
9.774090647697448730e-01
3.333333432674407959e-01
3.333333432674407959e-01
9.739004969596862793e-01
9.727172851562500000e-01
9.735834598541259766e-01
9.789997339248657227e-01
3.333333432674407959e-01
3.333333432674407959e-01
3.333333432674407959e-01
3.333333432674407959e-01
9.807004332542419434e-01
9.814686775207519531e-01
9.810757637023925781e-01
3.333333432674407959e-01
9.841289520263671875e-01
9.842667579650878906e-01
9.891127347946166992e-01
3.333333432674407959e-01
3.333333432674407959e-01
3.333333432674407959e-01
3.333333432674407959e-01
9.876985549926757812e-01
3.333333432674407959e-01
3.333333432674407959e-01
9.863252043724060059e-01
9.853376746177673340e-01
3.333333432674407959e-01
3.333333432674407959e-01
6.561474204063415527e-01
3.333333432674407959e-01
3.333333432674407959e-01
9.817759990692138672e-01
9.773414134979248047e-01
9.761455059051513672e-01
3.333333432674407959e-01
9.793051481246948242e-01
3.333333432674407959e-01
3.333333432674407959e-01
3.333333432674407959e-01
6.589092612266540527e-01
9.872633218765258789e-01
9.871589541435241699e-01
9.847846031188964844e-01
9.797300100326538086e-01
3.333333432674407959e-01
3.333333432674407959e-01
3.333333432674407959e-01
3.333333432674407959e-01
3.333333432674407959e-01
3.333333432674407959e-01
3.333333432674407959e-01
3.333333432674407959e-01
3.333333432674407959e-01
3.333333432674407959e-01
3.333333432674407959e-01
3.333333432674407959e-01
9.834920763969421387e-01
3.333333432674407959e-01
3.333333432674407959e-01
3.333333432674407959e-01
3.333333432674407959e-01
3.333333432674407959e-01
3.333333432674407959e-01
6.633197069168090820e-01
9.903751611709594727e-01
9.883090257644653320e-01
9.872807860374450684e-01
3.333333432674407959e-01
9.839912652969360352e-01
9.844567179679870605e-01
6.512095928192138672e-01
3.333333432674407959e-01
6.640004515647888184e-01
6.599532365798950195e-01
3.333333432674407959e-01
9.858568906784057617e-01
9.854068160057067871e-01
9.870198965072631836e-01
3.333333432674407959e-01
9.858916997909545898e-01
6.520216464996337891e-01
3.333333432674407959e-01
3.333333432674407959e-01
3.333333432674407959e-01
3.333333432674407959e-01
3.333333432674407959e-01
3.333333432674407959e-01
6.537212729454040527e-01
9.853374958038330078e-01
9.838017821311950684e-01
9.788471460342407227e-01
9.776455760002136230e-01
6.470263004302978516e-01
3.333333432674407959e-01
3.333333432674407959e-01
3.333333432674407959e-01
3.333333432674407959e-01
3.333333432674407959e-01
6.628366708755493164e-01
9.908849596977233887e-01
9.832168817520141602e-01
9.801893234252929688e-01
9.822046160697937012e-01
9.789149165153503418e-01
9.789658784866333008e-01
9.832341670989990234e-01
3.333333432674407959e-01
3.333333432674407959e-01
3.333333432674407959e-01
3.333333432674407959e-01
3.333333432674407959e-01
3.333333432674407959e-01
3.333333432674407959e-01
3.333333432674407959e-01
3.333333432674407959e-01
6.528010368347167969e-01
3.333333432674407959e-01
9.831138849258422852e-01
9.846638441085815430e-01
9.804277420043945312e-01
9.823246002197265625e-01
9.843014478683471680e-01
9.893230199813842773e-01
6.616410017013549805e-01
3.333333432674407959e-01
3.333333432674407959e-01
3.333333432674407959e-01
6.536344289779663086e-01
6.506578922271728516e-01
9.837157726287841797e-01
9.849228262901306152e-01
9.845084547996520996e-01
9.862557649612426758e-01
9.867591857910156250e-01
9.881170988082885742e-01
3.333333432674407959e-01
9.947961568832397461e-01
3.333333432674407959e-01
