3.165426105260848999e-02
2.906960062682628632e-02
5.645663663744926453e-02
1.705567352473735809e-02
2.393221855163574219e-02
6.762758642435073853e-02
3.000869974493980408e-02
3.524206951260566711e-02
4.483800381422042847e-02
4.697048291563987732e-02
3.951093927025794983e-02
5.084289982914924622e-02
1.890752092003822327e-02
5.498438701033592224e-02
3.835384547710418701e-02
2.688142471015453339e-02
2.359793521463871002e-02
6.487469375133514404e-02
3.840580955147743225e-02
2.674420922994613647e-02
3.825208917260169983e-02
6.106637418270111084e-02
2.142699807882308960e-02
3.330365940928459167e-02
2.185139618813991547e-02
6.495315581560134888e-02
1.955037750303745270e-02
7.277524471282958984e-02
5.482482910156250000e-02
3.498429432511329651e-02
3.198648244142532349e-02
4.462125524878501892e-02
4.232205450534820557e-02
8.130716532468795776e-02
5.051207169890403748e-02
2.800749987363815308e-02
1.923858933150768280e-02
3.417311236262321472e-02
2.831168472766876221e-02
2.913184091448783875e-02
3.180669993162155151e-02
2.423668466508388519e-02
2.361188083887100220e-02
3.242433443665504456e-02
6.444905698299407959e-02
3.306009247899055481e-02
1.404181588441133499e-02
1.548251695930957794e-02
7.408100366592407227e-02
1.787557266652584076e-02
3.453631699085235596e-02
2.843946032226085663e-02
7.982157170772552490e-02
5.773573741316795349e-02
3.308066353201866150e-02
4.593050479888916016e-02
4.356300830841064453e-02
3.233779966831207275e-02
8.028727769851684570e-02
2.334478124976158142e-02
3.873609006404876709e-02
8.470301330089569092e-02
2.490040101110935211e-02
2.306922338902950287e-02
7.788919657468795776e-02
2.562511898577213287e-02
3.439323231577873230e-02
5.251393839716911316e-02
5.595847964286804199e-02
7.809668779373168945e-02
4.008490592241287231e-02
7.979327440261840820e-02
5.907810479402542114e-02
5.211954936385154724e-02
4.281682893633842468e-02
2.795917913317680359e-02
3.623526543378829956e-02
3.233579918742179871e-02
2.311123907566070557e-02
4.727266728878021240e-02
5.522776395082473755e-02
4.072537645697593689e-02
3.298775851726531982e-02
3.831563889980316162e-02
5.499419569969177246e-02
3.001709282398223877e-02
4.655224457383155823e-02
3.457329049706459045e-02
3.788572922348976135e-02
3.009660355746746063e-02
3.648499399423599243e-02
3.098530322313308716e-02
1.890321634709835052e-02
2.814890071749687195e-02
4.613093659281730652e-02
4.091166704893112183e-02
4.871451854705810547e-02
3.771198168396949768e-02
7.660237699747085571e-02
2.605663426220417023e-02
3.903767466545104980e-02
2.679038979113101959e-02
4.338553920388221741e-02
4.906089976429939270e-02
4.603994637727737427e-02
4.131762683391571045e-02
3.312352672219276428e-02
2.601927891373634338e-02
3.934219107031822205e-02
6.012518331408500671e-02
1.641392707824707031e-02
2.207148447632789612e-02
3.079973161220550537e-02
2.285034582018852234e-02
1.953081041574478149e-02
8.371566236019134521e-02
3.153191506862640381e-02
5.458028614521026611e-02
5.450141057372093201e-02
5.358573794364929199e-02
2.043207176029682159e-02
3.053819760680198669e-02
1.993648149073123932e-02
5.158849060535430908e-02
5.255544558167457581e-02
2.608520165085792542e-02
4.276966303586959839e-02
4.158479347825050354e-02
5.924525111913681030e-02
3.685774654150009155e-02
9.523365646600723267e-02
2.417608909308910370e-02
4.284249991178512573e-02
1.818218454718589783e-02
3.610913828015327454e-02
5.858552455902099609e-02
4.823198541998863220e-02
3.485174104571342468e-02
2.193794958293437958e-02
3.969668969511985779e-02
8.101984858512878418e-02
3.227597102522850037e-02
3.124466165900230408e-02
4.059946164488792419e-02
2.808034420013427734e-02
2.370756492018699646e-02
5.972224473953247070e-02
1.731286197900772095e-02
5.243601649999618530e-02
5.868107452988624573e-02
2.385764196515083313e-02
2.591919898986816406e-02
2.550851367413997650e-02
3.066207282245159149e-02
1.931219547986984253e-02
3.714046254754066467e-02
6.054801121354103088e-02
4.775228723883628845e-02
2.386654727160930634e-02
2.875494584441184998e-02
7.895417511463165283e-02
4.482125490903854370e-02
2.218948677182197571e-02
3.294244408607482910e-02
5.565499886870384216e-02
4.425412043929100037e-02
4.109457880258560181e-02
5.911326780915260315e-02
5.281041190028190613e-02
3.723264485597610474e-02
4.325294494628906250e-02
4.717154428362846375e-02
3.731390088796615601e-02
4.001183435320854187e-02
5.328404530882835388e-02
5.300195515155792236e-02
7.495888322591781616e-02
2.874034829437732697e-02
2.257719822227954865e-02
3.089421615004539490e-02
3.440451249480247498e-02
3.458374366164207458e-02
2.285737544298171997e-02
3.045960329473018646e-02
4.893824458122253418e-02
3.920585662126541138e-02
4.240552335977554321e-02
3.511682152748107910e-02
4.885993897914886475e-02
6.012637540698051453e-02
3.204344585537910461e-02
3.599941730499267578e-02
3.293154761195182800e-02
8.040861785411834717e-02
3.124431706964969635e-02
4.391206055879592896e-02
2.921807765960693359e-02
2.988293021917343140e-02
4.806198179721832275e-02
5.421693623065948486e-02
