1.078525651246309280e-02
4.329935461282730103e-02
1.259714458137750626e-02
1.418342068791389465e-02
2.730115316808223724e-02
1.107422541826963425e-02
1.129953749477863312e-02
2.508473955094814301e-02
1.588282547891139984e-02
7.667603436857461929e-03
1.404439844191074371e-02
1.977054215967655182e-02
2.277318574488162994e-02
3.143004700541496277e-02
1.233777776360511780e-02
2.285894937813282013e-02
2.536545507609844208e-02
1.653557084500789642e-02
2.003370411694049835e-02
1.381962001323699951e-02
1.542902365326881409e-02
1.467658393085002899e-02
1.087945234030485153e-02
1.244371011853218079e-02
1.590342260897159576e-02
2.041346579790115356e-02
1.562627777457237244e-02
1.138674840331077576e-02
2.257273159921169281e-02
8.282161317765712738e-03
9.792931377887725830e-03
1.367797423154115677e-02
3.043558634817600250e-02
2.488526701927185059e-02
6.995250936597585678e-03
1.419186498969793320e-02
1.110402587801218033e-02
1.012859772890806198e-02
8.127130568027496338e-03
9.636204689741134644e-03
1.003046054393053055e-02
2.047961205244064331e-02
1.177692133933305740e-02
1.455272361636161804e-02
1.927626132965087891e-02
1.029266603291034698e-02
1.773750968277454376e-02
9.691853076219558716e-03
1.930747181177139282e-02
6.166927516460418701e-03
1.938073895871639252e-02
1.712626591324806213e-02
2.561383508145809174e-02
1.959625817835330963e-02
1.970509253442287445e-02
1.580943912267684937e-02
9.707801975309848785e-03
2.688256651163101196e-02
1.289955340325832367e-02
1.827375590801239014e-02
1.869791932404041290e-02
1.311797089874744415e-02
1.165326684713363647e-02
1.832614839076995850e-02
1.289247628301382065e-02
8.592127822339534760e-03
8.813540451228618622e-03
1.274405233561992645e-02
2.249951288104057312e-02
2.323567681014537811e-02
1.097248867154121399e-02
1.725746691226959229e-02
4.051999002695083618e-02
3.275267034769058228e-02
2.186766453087329865e-02
9.784325025975704193e-03
3.393664956092834473e-02
9.277998469769954681e-03
2.394050173461437225e-02
1.377319078892469406e-02
1.555229350924491882e-02
1.149455085396766663e-02
2.891996316611766815e-02
7.614813279360532761e-03
1.909722946584224701e-02
1.022028271108865738e-02
3.238696604967117310e-02
1.147800125181674957e-02
2.969858609139919281e-02
1.044374611228704453e-02
1.582333259284496307e-02
1.339003723114728928e-02
1.767735742032527924e-02
3.062555566430091858e-02
2.408509142696857452e-02
2.403064817190170288e-02
2.925195917487144470e-02
2.658629603683948517e-02
2.544804289937019348e-02
1.064388640224933624e-02
1.702625304460525513e-02
2.639903873205184937e-02
2.115069888532161713e-02
1.718744263052940369e-02
2.562376670539379120e-02
1.307015120983123779e-02
1.485608424991369247e-02
1.931237056851387024e-02
1.845773681998252869e-02
1.700823195278644562e-02
1.415518391877412796e-02
1.310736685991287231e-02
2.364660054445266724e-02
1.766190864145755768e-02
7.080988958477973938e-03
1.454620528966188431e-02
1.983433961868286133e-02
1.977540180087089539e-02
8.953733369708061218e-03
1.568101532757282257e-02
1.587616279721260071e-02
2.941575832664966583e-02
2.763723954558372498e-02
2.881257422268390656e-02
3.566156327724456787e-02
1.361526735126972198e-02
1.826522871851921082e-02
1.466568931937217712e-02
3.730549663305282593e-02
1.004276238381862640e-02
1.853872090578079224e-02
1.633381843566894531e-02
1.992901414632797241e-02
3.243873640894889832e-02
1.871616765856742859e-02
3.342374786734580994e-02
1.537383813410997391e-02
1.437147986143827438e-02
1.783566176891326904e-02
2.027978561818599701e-02
2.936499007046222687e-02
1.766394637525081635e-02
2.655306644737720490e-02
8.637093938887119293e-03
7.202654611319303513e-03
9.041963145136833191e-03
1.623619347810745239e-02
3.068042732775211334e-02
2.213301882147789001e-02
1.391017530113458633e-02
8.074147626757621765e-03
8.865954354405403137e-03
3.821502625942230225e-02
1.089304592460393906e-02
1.727655716240406036e-02
2.789289504289627075e-02
1.026805397123098373e-02
1.751516573131084442e-02
2.491506375372409821e-02
1.307519618421792984e-02
9.116521105170249939e-03
2.081414125859737396e-02
1.150420866906642914e-02
2.912186458706855774e-02
1.419104449450969696e-02
1.076157763600349426e-02
1.430933829396963120e-02
2.316677384078502655e-02
2.917884103953838348e-02
1.182658132165670395e-02
2.102809213101863861e-02
2.153082937002182007e-02
1.711694709956645966e-02
1.413491461426019669e-02
1.374796126037836075e-02
2.424559928476810455e-02
1.541565172374248505e-02
1.177105121314525604e-02
3.300546854734420776e-02
1.360282395035028458e-02
9.820277802646160126e-03
1.494743209332227707e-02
1.258801948279142380e-02
1.676484942436218262e-02
2.027006819844245911e-02
1.999551802873611450e-02
4.026504606008529663e-02
8.770999498665332794e-03
1.041046530008316040e-02
8.738078176975250244e-03
1.784962043166160583e-02
2.166193909943103790e-02
2.775369957089424133e-02
1.461291592568159103e-02
2.960304357111454010e-02
1.364249363541603088e-02
3.218056634068489075e-02
2.488842047750949860e-02
1.249833777546882629e-02
1.028786785900592804e-02
