1.057687029242515564e-02
1.859237998723983765e-02
1.586724631488323212e-02
1.896228082478046417e-02
2.192218787968158722e-02
2.218248695135116577e-02
8.991088718175888062e-03
3.211094066500663757e-02
2.040589042007923126e-02
2.106539718806743622e-02
2.165129780769348145e-02
1.428081374615430832e-02
4.046743363142013550e-02
1.338394079357385635e-02
2.593241445720195770e-02
1.850062236189842224e-02
2.890780195593833923e-02
1.058552507311105728e-02
3.522007912397384644e-02
1.241558138281106949e-02
2.709347940981388092e-02
3.963410481810569763e-02
4.356766492128372192e-02
3.399051725864410400e-02
3.046166710555553436e-02
1.384953781962394714e-02
1.416093949228525162e-02
1.404414791613817215e-02
1.338723488152027130e-02
1.394062116742134094e-02
1.945700310170650482e-02
2.596736326813697815e-02
3.327381610870361328e-02
1.190933585166931152e-02
2.267633751034736633e-02
1.251029409468173981e-02
1.935661770403385162e-02
1.433604676276445389e-02
2.946007251739501953e-02
1.689846441149711609e-02
3.490256890654563904e-02
3.638370335102081299e-02
2.532689087092876434e-02
1.750441081821918488e-02
1.691361889243125916e-02
1.354919653385877609e-02
1.313812378793954849e-02
2.712760120630264282e-02
4.189792647957801819e-02
3.686681762337684631e-02
2.194993384182453156e-02
4.652455821633338928e-02
2.616623975336551666e-02
1.413337793201208115e-02
4.240911453962326050e-02
1.690826937556266785e-02
9.405524469912052155e-03
3.334291651844978333e-02
6.947498302906751633e-03
1.425845455378293991e-02
1.683831959962844849e-02
3.873636573553085327e-02
2.594673447310924530e-02
3.114495240151882172e-02
3.049293905496597290e-02
1.756771653890609741e-02
3.435253724455833435e-02
3.932006657123565674e-02
1.720620691776275635e-02
1.583923585712909698e-02
1.101351808756589890e-02
2.435755729675292969e-02
3.664289042353630066e-02
3.647485747933387756e-02
2.146727591753005981e-02
4.785200953483581543e-02
1.401394233107566833e-02
1.227692048996686935e-02
2.589661814272403717e-02
4.650194570422172546e-02
3.919224441051483154e-02
1.409112289547920227e-02
2.399665862321853638e-02
8.364737965166568756e-03
1.698566228151321411e-02
1.956752873957157135e-02
1.773478463292121887e-02
1.382771041244268417e-02
1.968500949442386627e-02
2.420755848288536072e-02
9.552256204187870026e-03
2.582211792469024658e-02
3.372113034129142761e-02
2.244968898594379425e-02
3.023385815322399139e-02
1.717318780720233917e-02
1.249316986650228500e-02
2.556416764855384827e-02
1.789429411292076111e-02
1.564225181937217712e-02
1.501647382974624634e-02
4.842977970838546753e-02
1.100418344140052795e-02
1.320288050919771194e-02
2.887846156954765320e-02
3.135659918189048767e-02
3.861496224999427795e-02
3.421130403876304626e-02
4.207948595285415649e-02
1.754662394523620605e-02
3.041262924671173096e-02
2.373127266764640808e-02
3.261624276638031006e-02
1.416244916617870331e-02
4.413399100303649902e-02
1.278805918991565704e-02
3.558260947465896606e-02
3.294967114925384521e-02
2.356498129665851593e-02
2.535339444875717163e-02
1.685157977044582367e-02
1.486808247864246368e-02
2.338703162968158722e-02
1.957457698881626129e-02
1.624617725610733032e-02
1.432416588068008423e-02
2.752434834837913513e-02
2.015364728868007660e-02
1.801055297255516052e-02
1.684309169650077820e-02
8.204354904592037201e-03
3.186875209212303162e-02
1.728972233831882477e-02
2.814121171832084656e-02
3.375730291008949280e-02
3.055400960147380829e-02
1.360520813614130020e-02
1.610532775521278381e-02
2.802167087793350220e-02
1.528659742325544357e-02
4.027541726827621460e-02
1.782698370516300201e-02
1.770624704658985138e-02
1.969212666153907776e-02
3.214541822671890259e-02
1.388475950807332993e-02
2.278988063335418701e-02
1.790062896907329559e-02
2.150827273726463318e-02
2.286649122834205627e-02
3.613097220659255981e-02
1.766044087707996368e-02
1.275031175464391708e-02
2.560206688940525055e-02
2.265629358589649200e-02
5.221390724182128906e-02
2.615106105804443359e-02
2.504754066467285156e-02
1.258948072791099548e-02
1.976784318685531616e-02
3.308003395795822144e-02
2.609155699610710144e-02
1.220584660768508911e-02
1.458458136767148972e-02
1.116565894335508347e-02
1.391609013080596924e-02
2.462877146899700165e-02
1.729033701121807098e-02
1.520881522446870804e-02
1.734611205756664276e-02
3.568600118160247803e-02
2.661613561213016510e-02
2.045144140720367432e-02
1.308902632445096970e-02
2.082959748804569244e-02
1.248699519783258438e-02
1.127871498465538025e-02
1.729925163090229034e-02
1.502017676830291748e-02
4.082414135336875916e-02
2.486867830157279968e-02
3.035118989646434784e-02
2.498302608728408813e-02
2.004066295921802521e-02
2.062945254147052765e-02
2.222765423357486725e-02
1.776071265339851379e-02
2.888889051973819733e-02
3.048178739845752716e-02
1.857315562665462494e-02
2.661368437111377716e-02
4.751528054475784302e-02
1.962991058826446533e-02
2.180706150829792023e-02
2.395399659872055054e-02
2.905876189470291138e-02
2.365167997777462006e-02
1.325966045260429382e-02
3.029672242701053619e-02
1.622181199491024017e-02
