4.374051094055175781e-02
3.730608522891998291e-02
4.896761476993560791e-02
1.819311827421188354e-02
1.614371314644813538e-02
1.803280599415302277e-02
5.415605753660202026e-02
3.827886283397674561e-02
3.726885840296745300e-02
6.935317069292068481e-02
3.207553178071975708e-02
3.191674128174781799e-02
1.567696034908294678e-02
2.027960866689682007e-02
3.184860199689865112e-02
5.683059245347976685e-02
4.359263926744461060e-02
3.010385856032371521e-02
2.521549351513385773e-02
2.743239142000675201e-02
5.397469922900199890e-02
4.143929481506347656e-02
2.875451184809207916e-02
2.405451051890850067e-02
1.893865875899791718e-02
2.651384100317955017e-02
1.677205041050910950e-02
4.893697798252105713e-02
1.702682115137577057e-02
2.951684966683387756e-02
6.001264974474906921e-02
4.328902810811996460e-02
6.120038777589797974e-02
2.005813084542751312e-02
4.972567781805992126e-02
4.548575356602668762e-02
5.049241706728935242e-02
5.062271282076835632e-02
1.844041422009468079e-02
5.346262454986572266e-02
3.791541978716850281e-02
1.419904641807079315e-02
2.389580197632312775e-02
2.980442903935909271e-02
2.117784693837165833e-02
2.458176389336585999e-02
2.136272937059402466e-02
1.623040623962879181e-02
4.124740138649940491e-02
2.982999198138713837e-02
2.028944343328475952e-02
2.428770810365676880e-02
5.906034633517265320e-02
1.295976620167493820e-02
3.230344504117965698e-02
2.259770780801773071e-02
2.590938843786716461e-02
1.809209771454334259e-02
4.108639806509017944e-02
2.048362791538238525e-02
4.215984791517257690e-02
2.545653469860553741e-02
1.605133153498172760e-02
2.325273863971233368e-02
2.351193502545356750e-02
2.411492168903350830e-02
1.882690191268920898e-02
3.334123641252517700e-02
8.533172309398651123e-03
2.607527561485767365e-02
2.660335786640644073e-02
1.836705021560192108e-02
2.183227613568305969e-02
6.262724846601486206e-02
4.112377017736434937e-02
2.341384813189506531e-02
1.246609166264533997e-02
6.454909592866897583e-02
3.191643208265304565e-02
4.873852431774139404e-02
1.859539374709129333e-02
3.079226799309253693e-02
1.134725008159875870e-02
3.381743654608726501e-02
3.282567858695983887e-02
2.054207772016525269e-02
5.076685547828674316e-02
1.988492906093597412e-02
2.038211934268474579e-02
4.621231928467750549e-02
3.652330487966537476e-02
6.724763661623001099e-02
3.023918718099594116e-02
4.996069148182868958e-02
6.440427899360656738e-02
2.475847676396369934e-02
2.423309534788131714e-02
2.762420475482940674e-02
1.351871900260448456e-02
2.774002589285373688e-02
3.487079590559005737e-02
3.208355233073234558e-02
3.111160174012184143e-02
2.499086037278175354e-02
3.774664923548698425e-02
2.118874341249465942e-02
4.596345499157905579e-02
1.950095407664775848e-02
1.457794755697250366e-02
2.732480876147747040e-02
3.386536240577697754e-02
3.382160142064094543e-02
2.509986050426959991e-02
2.009191922843456268e-02
3.790283948183059692e-02
1.957851648330688477e-02
2.783893980085849762e-02
4.297460615634918213e-02
9.978892281651496887e-03
2.545588649809360504e-02
3.997824713587760925e-02
3.910096362233161926e-02
3.034605458378791809e-02
3.013098053634166718e-02
7.466774433851242065e-02
2.888370864093303680e-02
4.213442280888557434e-02
1.964162476360797882e-02
4.127347096800804138e-02
3.216562047600746155e-02
2.519645914435386658e-02
3.052226267755031586e-02
2.469433657824993134e-02
2.697365731000900269e-02
2.642593719065189362e-02
1.816240884363651276e-02
3.024729900062084198e-02
2.709038928151130676e-02
2.996373362839221954e-02
3.360364586114883423e-02
1.192853040993213654e-02
1.852657087147235870e-02
2.825885824859142303e-02
1.945812813937664032e-02
2.316229417920112610e-02
4.111429303884506226e-02
2.427643164992332458e-02
2.656207792460918427e-02
1.682179421186447144e-02
2.288996987044811249e-02
4.623270034790039062e-02
2.864381484687328339e-02
3.157040104269981384e-02
2.502345666289329529e-02
3.010872378945350647e-02
4.793286696076393127e-02
2.432470023632049561e-02
2.023873291909694672e-02
2.241579443216323853e-02
3.906204178929328918e-02
2.367404475808143616e-02
1.840509660542011261e-02
3.208352252840995789e-02
2.239882200956344604e-02
3.373815491795539856e-02
6.260176002979278564e-02
1.458091754466295242e-02
3.516856953501701355e-02
3.957918286323547363e-02
2.050300128757953644e-02
4.033219441771507263e-02
2.061975374817848206e-02
4.767177253961563110e-02
1.529928483068943024e-02
5.729224905371665955e-02
2.794714085757732391e-02
1.790962368249893188e-02
2.366553433239459991e-02
3.410434350371360779e-02
2.751033380627632141e-02
3.011870011687278748e-02
2.299797348678112030e-02
2.019823901355266571e-02
1.568646170198917389e-02
3.134866431355476379e-02
1.948823221027851105e-02
2.315786853432655334e-02
3.629902377724647522e-02
3.221167996525764465e-02
1.640220172703266144e-02
3.054157085716724396e-02
5.291869863867759705e-02
2.900737896561622620e-02
3.329547494649887085e-02
3.229030966758728027e-02
4.119041189551353455e-02
2.846070751547813416e-02
6.521677225828170776e-02
2.071465179324150085e-02
3.494345769286155701e-02
