1.932729594409465790e-02
3.783325105905532837e-02
2.473413571715354919e-02
1.265223417431116104e-02
2.148193120956420898e-02
2.312094345688819885e-02
1.790230907499790192e-02
2.126012183725833893e-02
3.299706429243087769e-02
2.434960380196571350e-02
2.786636352539062500e-02
3.650378435850143433e-02
3.346427157521247864e-02
2.237766049802303314e-02
4.474995285272598267e-02
2.205145545303821564e-02
2.025228179991245270e-02
2.973253838717937469e-02
2.363598719239234924e-02
1.480229292064905167e-02
1.139613892883062363e-02
2.575539238750934601e-02
1.338477246463298798e-02
2.711343765258789062e-02
1.554490905255079269e-02
2.173075452446937561e-02
1.333328243345022202e-02
1.937986165285110474e-02
2.086590602993965149e-02
1.133696269243955612e-02
1.790139451622962952e-02
2.396841347217559814e-02
1.140423957258462906e-02
2.443424612283706665e-02
1.579204760491847992e-02
1.156514324247837067e-02
6.265239417552947998e-02
2.986962534487247467e-02
2.828373201191425323e-02
3.247723728418350220e-02
2.185281738638877869e-02
8.782578632235527039e-03
1.647241413593292236e-02
1.819350011646747589e-02
1.719520799815654755e-02
1.973011903464794159e-02
1.242647413164377213e-02
2.888620272278785706e-02
1.206273678690195084e-02
1.623565889894962311e-02
2.194442786276340485e-02
1.582313142716884613e-02
1.487785391509532928e-02
4.049761593341827393e-02
1.246906537562608719e-02
2.319687418639659882e-02
4.510424286127090454e-02
5.219423025846481323e-02
2.262457273900508881e-02
2.710884995758533478e-02
2.413398399949073792e-02
2.172424085438251495e-02
1.187908649444580078e-02
1.291820406913757324e-02
1.778275705873966217e-02
9.609085507690906525e-03
3.736832737922668457e-02
2.290229871869087219e-02
1.936064474284648895e-02
1.599693670868873596e-02
1.743650436401367188e-02
1.318105868995189667e-02
2.855217084288597107e-02
2.082546055316925049e-02
2.178747765719890594e-02
2.474396117031574249e-02
1.361887156963348389e-02
3.580460697412490845e-02
1.628224551677703857e-02
2.897194027900695801e-02
3.220868110656738281e-02
9.694937616586685181e-03
2.519183978438377380e-02
2.074629254639148712e-02
1.330410689115524292e-02
2.002532407641410828e-02
2.683803811669349670e-02
1.551562361419200897e-02
1.003130432218313217e-02
4.290137067437171936e-02
1.808725483715534210e-02
1.627816818654537201e-02
1.624796725809574127e-02
9.784703142940998077e-03
1.991795562207698822e-02
1.239197887480258942e-02
1.300444826483726501e-02
3.091154806315898895e-02
3.300619497895240784e-02
3.545112907886505127e-02
4.536004737019538879e-02
1.568821631371974945e-02
1.580023020505905151e-02
2.127862162888050079e-02
1.963668316602706909e-02
2.839289791882038116e-02
1.344227418303489685e-02
3.806177899241447449e-02
2.141186222434043884e-02
4.705455526709556580e-02
1.304370816797018051e-02
1.038253866136074066e-02
1.741593144834041595e-02
1.122251059859991074e-02
3.402022272348403931e-02
3.210208937525749207e-02
1.654060184955596924e-02
1.284308824688196182e-02
1.718413457274436951e-02
3.663335740566253662e-02
1.431623939424753189e-02
2.566536329686641693e-02
1.785182952880859375e-02
1.660114340484142303e-02
1.665140502154827118e-02
2.058079652488231659e-02
1.275026425719261169e-02
2.297669276595115662e-02
2.384779229760169983e-02
1.814197003841400146e-02
2.669273130595684052e-02
1.330961287021636963e-02
3.429541736841201782e-02
1.478279009461402893e-02
1.618241518735885620e-02
2.693113498389720917e-02
2.112456969916820526e-02
2.923444285988807678e-02
1.207134220749139786e-02
2.684187144041061401e-02
1.818156801164150238e-02
2.259954251348972321e-02
2.565632015466690063e-02
6.106179207563400269e-03
3.329163789749145508e-02
1.257855165749788284e-02
1.622925326228141785e-02
3.204128518700599670e-02
9.607804007828235626e-03
1.610907912254333496e-02
1.981160789728164673e-02
3.197637572884559631e-02
2.170574478805065155e-02
1.332196407020092010e-02
3.128241375088691711e-02
1.415023300796747208e-02
3.355061635375022888e-02
1.463343482464551926e-02
2.568835951387882233e-02
2.167753316462039948e-02
1.622480526566505432e-02
1.663301885128021240e-02
3.477604314684867859e-02
9.198869578540325165e-03
1.796265505254268646e-02
2.841462567448616028e-02
3.198394551873207092e-02
1.717926748096942902e-02
2.443906292319297791e-02
1.437327824532985687e-02
4.499242082238197327e-02
4.141858592629432678e-02
2.451703883707523346e-02
3.481285274028778076e-02
2.921274490654468536e-02
4.264105111360549927e-02
3.757404908537864685e-02
1.804999634623527527e-02
2.231596969068050385e-02
1.184241939336061478e-02
2.650870196521282196e-02
2.060203813016414642e-02
3.101207874715328217e-02
2.180210314691066742e-02
1.366046909242868423e-02
1.237491331994533539e-02
1.917651481926441193e-02
2.671900764107704163e-02
1.260494440793991089e-02
2.665543928742408752e-02
5.175860971212387085e-02
1.196174044162034988e-02
3.563696891069412231e-02
3.801038861274719238e-02
1.434058602899312973e-02
2.797747962176799774e-02
1.485927216708660126e-02
3.680596500635147095e-02
4.368079081177711487e-02
1.045270916074514389e-02
