1.813619025051593781e-02
2.297144941985607147e-02
4.527788236737251282e-02
2.903737127780914307e-02
2.674027346074581146e-02
2.509231492877006531e-02
4.398432374000549316e-02
3.152989968657493591e-02
6.285664439201354980e-02
5.328423157334327698e-02
5.911415070295333862e-02
2.784869447350502014e-02
1.698507182300090790e-02
3.511638194322586060e-02
2.904131636023521423e-02
3.609349951148033142e-02
8.319189399480819702e-02
5.929207429289817810e-02
3.116940520703792572e-02
5.299949645996093750e-02
3.911273181438446045e-02
1.861275732517242432e-02
5.753814801573753357e-02
3.642038628458976746e-02
5.082123726606369019e-02
1.553189195692539215e-02
4.367463663220405579e-02
3.472230955958366394e-02
4.301061108708381653e-02
1.716774888336658478e-02
2.802180498838424683e-02
4.374385625123977661e-02
2.734891325235366821e-02
2.944007702171802521e-02
2.433173917233943939e-02
1.853660121560096741e-02
3.998827934265136719e-02
2.284823544323444366e-02
2.902113087475299835e-02
2.098784595727920532e-02
3.466229513287544250e-02
2.879718318581581116e-02
2.497088350355625153e-02
1.846443861722946167e-02
6.435697525739669800e-02
3.844092786312103271e-02
5.653936043381690979e-02
2.437291853129863739e-02
4.084482043981552124e-02
2.549987286329269409e-02
2.299424819648265839e-02
4.006858170032501221e-02
5.731032788753509521e-02
2.899803966283798218e-02
3.113944269716739655e-02
3.362517058849334717e-02
2.246933244168758392e-02
4.131777212023735046e-02
3.161915019154548645e-02
2.049891650676727295e-02
4.085510596632957458e-02
4.874467477202415466e-02
3.475360199809074402e-02
2.926656976342201233e-02
2.094841003417968750e-02
2.229057997465133667e-02
6.369078159332275391e-02
4.184028133749961853e-02
5.419474095106124878e-02
1.911818794906139374e-02
2.927141264081001282e-02
1.762566715478897095e-02
6.388539820909500122e-02
1.907688193023204803e-02
3.660267591476440430e-02
4.267822206020355225e-02
4.305524379014968872e-02
2.566746994853019714e-02
2.661425247788429260e-02
1.721467450261116028e-02
6.387074291706085205e-02
2.235442213714122772e-02
2.765659242868423462e-02
3.423623368144035339e-02
2.849260903894901276e-02
2.163837105035781860e-02
2.212082967162132263e-02
2.716695517301559448e-02
2.278240770101547241e-02
1.554649975150823593e-02
2.400677837431430817e-02
4.529792442917823792e-02
1.940166763961315155e-02
5.093291029334068298e-02
3.181381896138191223e-02
2.172771841287612915e-02
7.748948782682418823e-02
2.311809360980987549e-02
4.329941794276237488e-02
2.493725903332233429e-02
3.287715464830398560e-02
2.520210668444633484e-02
2.481431886553764343e-02
2.466315962374210358e-02
4.944074526429176331e-02
1.773760654032230377e-02
4.343406856060028076e-02
1.854630932211875916e-02
9.495922364294528961e-03
3.157781809568405151e-02
1.943986862897872925e-02
6.133624166250228882e-02
2.187809161841869354e-02
5.173363164067268372e-02
2.673362754285335541e-02
4.727122560143470764e-02
3.885728493332862854e-02
2.665489725768566132e-02
1.883293874561786652e-02
1.616497896611690521e-02
5.509113520383834839e-02
2.387367561459541321e-02
1.747468486428260803e-02
4.111595824360847473e-02
2.386026084423065186e-02
2.806110493838787079e-02
1.383677683770656586e-02
3.481023758649826050e-02
3.311729803681373596e-02
2.190134860575199127e-02
1.888743788003921509e-02
3.950610384345054626e-02
4.395906627178192139e-02
3.247552737593650818e-02
1.239405851811170578e-02
2.815256826579570770e-02
2.756466902792453766e-02
5.620637163519859314e-02
4.265743866562843323e-02
5.744965374469757080e-02
4.445102810859680176e-02
3.059067018330097198e-02
3.885571286082267761e-02
2.442819811403751373e-02
2.759782969951629639e-02
2.251266501843929291e-02
3.457830846309661865e-02
5.070737376809120178e-02
1.878217235207557678e-02
2.102947980165481567e-02
3.713785111904144287e-02
1.323671545833349228e-02
1.588407903909683228e-02
2.677470259368419647e-02
2.632448077201843262e-02
3.809978067874908447e-02
1.770246215164661407e-02
3.584387525916099548e-02
3.138594701886177063e-02
1.641685143113136292e-02
2.680060639977455139e-02
2.248004265129566193e-02
2.780030481517314911e-02
3.106964193284511566e-02
2.098445035517215729e-02
2.715586684644222260e-02
2.429716661572456360e-02
5.950056761503219604e-02
7.002910226583480835e-02
1.485604047775268555e-02
2.275804616510868073e-02
4.722153395414352417e-02
3.569738194346427917e-02
2.135682664811611176e-02
4.677388444542884827e-02
3.566299006342887878e-02
1.457681879401206970e-02
2.606376819312572479e-02
3.537624701857566833e-02
2.137874998152256012e-02
2.835920639336109161e-02
1.475822459906339645e-02
4.333423823118209839e-02
3.096601739525794983e-02
3.334654122591018677e-02
3.571797534823417664e-02
2.864843979477882385e-02
1.837570406496524811e-02
4.421557486057281494e-02
4.321099072694778442e-02
2.041538245975971222e-02
4.693676158785820007e-02
3.379115834832191467e-02
1.586548797786235809e-02
1.564836315810680389e-02
1.156353205442428589e-02
4.854307696223258972e-02
1.596398279070854187e-02
4.662616923451423645e-02
3.554690629243850708e-02
