2.019994333386421204e-02
4.949791356921195984e-02
2.427180856466293335e-02
3.059362433850765228e-02
3.122876770794391632e-02
1.776582747697830200e-02
3.159281983971595764e-02
1.123474445194005966e-02
1.944169215857982635e-02
2.601674571633338928e-02
1.120815426111221313e-02
1.007133536040782928e-02
1.282870862632989883e-02
3.646376356482505798e-02
1.278322376310825348e-02
1.050189603120088577e-02
2.417189814150333405e-02
2.465602383017539978e-02
2.394583635032176971e-02
5.013557150959968567e-02
1.017035264521837234e-02
4.146111384034156799e-02
2.894615195691585541e-02
1.172242779284715652e-02
1.382478885352611542e-02
3.926558047533035278e-02
4.577755555510520935e-02
3.961797431111335754e-02
1.444238983094692230e-02
3.458582237362861633e-02
2.534756809473037720e-02
1.773448474705219269e-02
1.258400827646255493e-02
1.717536896467208862e-02
2.531809732317924500e-02
1.242677122354507446e-02
3.502300754189491272e-02
1.366545725613832474e-02
1.734995841979980469e-02
1.790970936417579651e-02
1.390401087701320648e-02
2.572027035057544708e-02
1.367509551346302032e-02
2.728931047022342682e-02
2.957900986075401306e-02
4.453172907233238220e-02
2.648819424211978912e-02
1.971928030252456665e-02
1.393125485628843307e-02
1.344899833202362061e-02
4.228121414780616760e-02
1.045827381312847137e-02
2.060131542384624481e-02
1.680520549416542053e-02
1.104889716953039169e-02
1.567229442298412323e-02
4.567381739616394043e-02
2.286229096353054047e-02
1.115410402417182922e-02
7.030128035694360733e-03
1.458226144313812256e-02
3.397896140813827515e-02
2.976209297776222229e-02
1.630100049078464508e-02
2.857105433940887451e-02
3.101675026118755341e-02
1.470299530774354935e-02
1.251425221562385559e-02
2.190864458680152893e-02
2.118268050253391266e-02
2.096481807529926300e-02
1.473910920321941376e-02
2.960609830915927887e-02
1.749226823449134827e-02
1.524217799305915833e-02
1.257335022091865540e-02
1.901667192578315735e-02
1.632642745971679688e-02
7.594443392008543015e-03
8.665855973958969116e-03
1.124055776745080948e-02
1.199189573526382446e-02
4.172145947813987732e-02
1.522070541977882385e-02
1.410091575235128403e-02
1.130371820181608200e-02
1.385788433253765106e-02
1.979956775903701782e-02
1.127294730395078659e-02
2.997614815831184387e-02
1.147899031639099121e-02
1.629293709993362427e-02
2.179070189595222473e-02
5.186599493026733398e-02
7.570039946585893631e-03
1.152648869901895523e-02
1.805826090276241302e-02
2.559490501880645752e-02
9.229076094925403595e-03
2.043033391237258911e-02
1.528830919414758682e-02
9.354346431791782379e-03
1.185434404760599136e-02
1.929543912410736084e-02
2.335940487682819366e-02
8.964287117123603821e-03
1.789234206080436707e-02
9.698303416371345520e-03
1.924332231283187866e-02
2.882353775203227997e-02
1.769446954131126404e-02
2.164076082408428192e-02
2.772765979170799255e-02
4.062104597687721252e-02
1.007435936480760574e-02
8.330858312547206879e-03
2.760413661599159241e-02
2.447178587317466736e-02
1.047397218644618988e-02
1.886051706969738007e-02
1.732655055820941925e-02
3.163517639040946960e-02
2.810281142592430115e-02
3.301730379462242126e-02
1.748748123645782471e-02
3.034320846199989319e-02
1.567895896732807159e-02
2.260519191622734070e-02
1.823266781866550446e-02
1.153611391782760620e-02
1.848676800727844238e-02
1.260246988385915756e-02
5.780458077788352966e-02
1.639031060039997101e-02
9.196164086461067200e-03
1.407067570835351944e-02
1.988960988819599152e-02
1.151637639850378036e-02
1.994488015770912170e-02
1.742292195558547974e-02
1.422341819852590561e-02
2.712685801088809967e-02
2.012565545737743378e-02
1.262096036225557327e-02
1.115420740097761154e-02
1.644852943718433380e-02
3.155464306473731995e-02
1.291956659406423569e-02
1.801878586411476135e-02
1.140566635876893997e-02
3.249749541282653809e-02
1.655333302915096283e-02
1.447812281548976898e-02
1.201834250241518021e-02
2.149069681763648987e-02
2.357897348701953888e-02
3.443694487214088440e-02
9.897047653794288635e-03
1.622670330107212067e-02
2.824295870959758759e-02
3.479669988155364990e-02
2.213014848530292511e-02
2.231098525226116180e-02
1.968392170965671539e-02
1.386922784149646759e-02
1.880538091063499451e-02
8.664388209581375122e-03
1.921870186924934387e-02
1.489936932921409607e-02
1.531826611608266830e-02
1.560594607144594193e-02
2.237989753484725952e-02
1.292480248957872391e-02
1.919113285839557648e-02
2.637253887951374054e-02
1.790199987590312958e-02
1.180927269160747528e-02
1.755345053970813751e-02
1.547574158757925034e-02
9.419400244951248169e-03
3.019325435161590576e-02
1.797298528254032135e-02
2.759605459868907928e-02
1.738690957427024841e-02
1.970313861966133118e-02
2.085146121680736542e-02
2.832338586449623108e-02
1.872142590582370758e-02
1.828313432633876801e-02
2.038382552564144135e-02
1.545250788331031799e-02
1.270533446222543716e-02
2.341050095856189728e-02
2.534986473619937897e-02
1.175304502248764038e-02
9.593812748789787292e-03
1.380521431565284729e-02
2.661905251443386078e-02
8.045273832976818085e-03
1.233256328850984573e-02
