2.902003750205039978e-02
1.790508069097995758e-02
1.974937133491039276e-02
1.546220667660236359e-02
9.748902171850204468e-03
4.824599623680114746e-02
3.527893871068954468e-02
6.045637652277946472e-02
1.341867446899414062e-02
4.273613169789314270e-02
2.938715368509292603e-02
2.257774583995342255e-02
3.884136304259300232e-02
1.981806755065917969e-02
1.754340529441833496e-02
2.545895054936408997e-02
1.837541721761226654e-02
4.078108817338943481e-02
3.791222721338272095e-02
5.062610283493995667e-02
2.186125516891479492e-02
1.589558273553848267e-02
2.384254336357116699e-02
1.526173204183578491e-02
2.532399818301200867e-02
2.470936812460422516e-02
1.939013414084911346e-02
1.858744770288467407e-02
3.705649450421333313e-02
2.614237554371356964e-02
2.179935202002525330e-02
2.814815938472747803e-02
2.693825028836727142e-02
4.203540831804275513e-02
3.069298714399337769e-02
1.213442720472812653e-02
3.021849505603313446e-02
2.432013303041458130e-02
2.702821232378482819e-02
2.611318789422512054e-02
2.913907729089260101e-02
2.382259815931320190e-02
1.843264326453208923e-02
2.115790918469429016e-02
3.914108127355575562e-02
1.294767297804355621e-02
1.683550886809825897e-02
2.423925139009952545e-02
2.230052277445793152e-02
2.237642183899879456e-02
1.611482538282871246e-02
3.784488141536712646e-02
3.747136890888214111e-02
4.084105044603347778e-02
2.557765506207942963e-02
4.169576242566108704e-02
2.856921218335628510e-02
4.061425104737281799e-02
2.170002646744251251e-02
1.670123264193534851e-02
2.338148653507232666e-02
2.232496626675128937e-02
3.247500956058502197e-02
1.426869444549083710e-02
4.019406810402870178e-02
5.469816178083419800e-02
4.061511531472206116e-02
2.998758666217327118e-02
1.497956085950136185e-02
9.475417435169219971e-03
1.492405310273170471e-02
1.963792927563190460e-02
2.566457726061344147e-02
4.051629081368446350e-02
4.168030247092247009e-02
3.753783926367759705e-02
3.557005897164344788e-02
3.074338100850582123e-02
2.772637270390987396e-02
2.260593324899673462e-02
1.995433308184146881e-02
3.922915831208229065e-02
1.782197691500186920e-02
2.810553275048732758e-02
1.786518841981887817e-02
5.277968570590019226e-02
4.044027626514434814e-02
2.226930484175682068e-02
5.947873368859291077e-02
2.642651833593845367e-02
5.414327979087829590e-02
4.094665870070457458e-02
2.147791348397731781e-02
2.776529453694820404e-02
9.172590449452400208e-03
1.543472427874803543e-02
4.450012743473052979e-02
4.317149519920349121e-02
3.990064188838005066e-02
3.258842974901199341e-02
5.611927434802055359e-02
1.250463631004095078e-02
5.577192083001136780e-02
3.867689892649650574e-02
1.694182492792606354e-02
2.842714078724384308e-02
3.242246806621551514e-02
4.146301001310348511e-02
5.505963787436485291e-02
3.646281734108924866e-02
2.272727712988853455e-02
2.558173611760139465e-02
5.171821638941764832e-02
1.980696991086006165e-02
2.389819920063018799e-02
2.775759249925613403e-02
3.649707511067390442e-02
5.874628573656082153e-02
2.661530673503875732e-02
1.313753426074981689e-02
2.337943017482757568e-02
2.231691032648086548e-02
3.813981264829635620e-02
3.500154986977577209e-02
3.240937739610671997e-02
6.718538701534271240e-02
1.713946089148521423e-02
3.160236030817031860e-02
5.653770267963409424e-02
2.369871735572814941e-02
1.669916883111000061e-02
2.406319044530391693e-02
2.311751432716846466e-02
3.520404547452926636e-02
5.319659039378166199e-02
3.290989622473716736e-02
1.995207183063030243e-02
1.493356656283140182e-02
5.049112066626548767e-02
1.597447320818901062e-02
4.472390189766883850e-02
1.866091042757034302e-02
2.480857446789741516e-02
2.881955541670322418e-02
1.960884034633636475e-02
1.690987497568130493e-02
4.284288361668586731e-02
2.470678091049194336e-02
2.051378414034843445e-02
2.512759342789649963e-02
5.965762585401535034e-02
1.743345335125923157e-02
4.311315715312957764e-02
1.897076144814491272e-02
2.724318578839302063e-02
3.813383355736732483e-02
1.491449307650327682e-02
2.726090326905250549e-02
1.589465327560901642e-02
1.679749228060245514e-02
2.653986029326915741e-02
2.326813153922557831e-02
3.858079388737678528e-02
4.654277116060256958e-02
2.209544740617275238e-02
2.212770096957683563e-02
2.351884730160236359e-02
1.299983728677034378e-02
2.594393305480480194e-02
2.137484960258007050e-02
1.066593732684850693e-02
3.639845550060272217e-02
2.500410377979278564e-02
1.464195642620325089e-02
2.442360855638980865e-02
3.140790760517120361e-02
2.625922858715057373e-02
2.134208194911479950e-02
1.544830948114395142e-02
1.610321737825870514e-02
2.573667280375957489e-02
2.886485680937767029e-02
3.586335852742195129e-02
2.616387978196144104e-02
6.000715866684913635e-02
3.399880230426788330e-02
3.694728389382362366e-02
2.110583707690238953e-02
2.535224705934524536e-02
1.330733019858598709e-02
1.948445476591587067e-02
3.365678340196609497e-02
2.937075495719909668e-02
1.531624142080545425e-02
2.188465744256973267e-02
4.744667559862136841e-02
1.576294563710689545e-02
1.435995008796453476e-02
3.094374760985374451e-02
2.947867102921009064e-02
