3.333333432674407959e-01
3.333333432674407959e-01
3.333333432674407959e-01
9.922071695327758789e-01
9.880995154380798340e-01
3.333333432674407959e-01
9.817252159118652344e-01
3.333333432674407959e-01
9.863772392272949219e-01
3.333333432674407959e-01
3.333333432674407959e-01
3.333333432674407959e-01
3.333333432674407959e-01
3.333333432674407959e-01
3.333333432674407959e-01
9.808027744293212891e-01
3.333333432674407959e-01
3.333333432674407959e-01
9.768862724304199219e-01
3.333333432674407959e-01
9.762970209121704102e-01
3.333333432674407959e-01
9.803937673568725586e-01
6.471626162528991699e-01
3.333333432674407959e-01
3.333333432674407959e-01
3.333333432674407959e-01
9.956159591674804688e-01
9.943515062332153320e-01
3.333333432674407959e-01
9.850091338157653809e-01
3.333333432674407959e-01
9.863945841789245605e-01
9.853204488754272461e-01
9.854761362075805664e-01
6.512441635131835938e-01
6.497805118560791016e-01
3.333333432674407959e-01
3.333333432674407959e-01
3.333333432674407959e-01
6.529397964477539062e-01
3.333333432674407959e-01
9.830795526504516602e-01
9.824960231781005859e-01
9.822388887405395508e-01
9.897434115409851074e-01
6.562875509262084961e-01
6.634985804557800293e-01
3.333333432674407959e-01
3.333333432674407959e-01
3.333333432674407959e-01
6.532695293426513672e-01
9.849573969841003418e-01
9.827189445495605469e-01
9.858050346374511719e-01
9.852166175842285156e-01
3.333333432674407959e-01
3.333333432674407959e-01
9.884487390518188477e-01
9.887630939483642578e-01
3.333333432674407959e-01
6.629439592361450195e-01
3.333333432674407959e-01
3.333333432674407959e-01
6.510026454925537109e-01
9.847501516342163086e-01
3.333333432674407959e-01
9.817423820495605469e-01
3.333333432674407959e-01
9.794750213623046875e-01
9.824616909027099609e-01
9.863944053649902344e-01
3.333333432674407959e-01
3.333333432674407959e-01
6.639825701713562012e-01
6.598646044731140137e-01
9.902346134185791016e-01
3.333333432674407959e-01
9.854068160057067871e-01
9.870198965072631836e-01
3.333333432674407959e-01
9.858916997909545898e-01
6.521601080894470215e-01
3.333333432674407959e-01
3.333333432674407959e-01
3.333333432674407959e-01
6.597228050231933594e-01
3.333333432674407959e-01
9.881170988082885742e-01
9.885535240173339844e-01
9.802234172821044922e-01
3.333333432674407959e-01
9.755744934082031250e-01
9.773416519165039062e-01
6.422915458679199219e-01
3.333333432674407959e-01
3.333333432674407959e-01
3.333333432674407959e-01
3.333333432674407959e-01
3.333333432674407959e-01
9.930205345153808594e-01
3.333333432674407959e-01
9.895856380462646484e-01
9.864465594291687012e-01
9.834749102592468262e-01
9.818964004516601562e-01
3.333333432674407959e-01
3.333333432674407959e-01
3.333333432674407959e-01
3.333333432674407959e-01
3.333333432674407959e-01
3.333333432674407959e-01
6.596698164939880371e-01
6.538256406784057617e-01
9.853374958038330078e-01
3.333333432674407959e-01
9.788471460342407227e-01
9.783050417900085449e-01
3.333333432674407959e-01
3.333333432674407959e-01
3.333333432674407959e-01
3.333333432674407959e-01
3.333333432674407959e-01
3.333333432674407959e-01
6.629976034164428711e-01
9.916600584983825684e-01
9.876637458801269531e-01
3.333333432674407959e-01
9.852166175842285156e-01
9.812808036804199219e-01
9.800531268119812012e-01
3.333333432674407959e-01
3.333333432674407959e-01
3.333333432674407959e-01
3.333333432674407959e-01
3.333333432674407959e-01
9.939782619476318359e-01
3.333333432674407959e-01
3.333333432674407959e-01
9.892705678939819336e-01
9.883964061737060547e-01
9.876813292503356934e-01
9.857877492904663086e-01
9.848710298538208008e-01
3.333333432674407959e-01
3.333333432674407959e-01
3.333333432674407959e-01
3.333333432674407959e-01
3.333333432674407959e-01
3.333333432674407959e-01
9.921364784240722656e-01
9.893929958343505859e-01
9.906213283538818359e-01
9.894105792045593262e-01
3.333333432674407959e-01
3.333333432674407959e-01
3.333333432674407959e-01
3.333333432674407959e-01
3.333333432674407959e-01
3.333333432674407959e-01
9.937118887901306152e-01
3.333333432674407959e-01
9.891128540039062500e-01
9.886757135391235352e-01
3.333333432674407959e-01
3.333333432674407959e-01
6.540691852569580078e-01
3.333333432674407959e-01
3.333333432674407959e-01
3.333333432674407959e-01
3.333333432674407959e-01
6.512266993522644043e-01
3.333333432674407959e-01
9.803423881530761719e-01
9.772908687591552734e-01
9.673234820365905762e-01
9.713394641876220703e-01
9.713560938835144043e-01
6.427954435348510742e-01
3.333333432674407959e-01
3.333333432674407959e-01
3.333333432674407959e-01
6.614269614219665527e-01
9.918186068534851074e-01
9.878901839256286621e-01
9.841462373733520508e-01
9.801210761070251465e-01
9.846981763839721680e-01
6.536864638328552246e-01
3.333333432674407959e-01
3.333333432674407959e-01
6.532868742942810059e-01
3.333333432674407959e-01
9.815200567245483398e-01
9.817594289779663086e-01
9.783558249473571777e-01
9.744185209274291992e-01
3.333333432674407959e-01
3.333333432674407959e-01
3.333333432674407959e-01
3.333333432674407959e-01
3.333333432674407959e-01
6.532000899314880371e-01
9.841463565826416016e-01
9.827703833580017090e-01
3.333333432674407959e-01
9.852683544158935547e-01
9.897259473800659180e-01
9.932331442832946777e-01
3.333333432674407959e-01
3.333333432674407959e-01
3.333333432674407959e-01
6.592273116111755371e-01
3.333333432674407959e-01
9.833716154098510742e-01
3.333333432674407959e-01
3.333333432674407959e-01
9.771729707717895508e-01
3.333333432674407959e-01
9.741844534873962402e-01
3.333333432674407959e-01
9.735667705535888672e-01
6.520909070968627930e-01
3.333333432674407959e-01
3.333333432674407959e-01
9.942436218261718750e-01
9.888502359390258789e-01
9.818618297576904297e-01
3.333333432674407959e-01
9.832170009613037109e-01
3.333333432674407959e-01
6.477595567703247070e-01
6.520909070968627930e-01
3.333333432674407959e-01
3.333333432674407959e-01
3.333333432674407959e-01
6.499867439270019531e-01
3.333333432674407959e-01
9.839223623275756836e-01
9.814175367355346680e-01
3.333333432674407959e-01
9.846464395523071289e-01
3.333333432674407959e-01
3.333333432674407959e-01
3.333333432674407959e-01
3.333333432674407959e-01
3.333333432674407959e-01
3.333333432674407959e-01
9.883262515068054199e-01
9.885010719299316406e-01
9.815883636474609375e-01
9.784065485000610352e-01
3.333333432674407959e-01
9.674545526504516602e-01
9.615542292594909668e-01
9.552586078643798828e-01
9.521111249923706055e-01
9.630672931671142578e-01
3.333333432674407959e-01
3.333333432674407959e-01
3.333333432674407959e-01
6.342193484306335449e-01
9.676672816276550293e-01
9.652533531188964844e-01
3.333333432674407959e-01
9.587244987487792969e-01
9.585813283920288086e-01
3.333333432674407959e-01
3.333333432674407959e-01
3.333333432674407959e-01
3.333333432674407959e-01
3.333333432674407959e-01
3.333333432674407959e-01
3.333333432674407959e-01
3.333333432674407959e-01
3.333333432674407959e-01
3.333333432674407959e-01
9.829249382019042969e-01
9.859436750411987305e-01
9.855973124504089355e-01
9.810587763786315918e-01
3.333333432674407959e-01
3.333333432674407959e-01
3.333333432674407959e-01
6.575693488121032715e-01
6.628722548484802246e-01
3.333333432674407959e-01
3.333333432674407959e-01
9.846980571746826172e-01
3.333333432674407959e-01
9.813491106033325195e-01
3.333333432674407959e-01
9.771391749382019043e-01
3.333333432674407959e-01
3.333333432674407959e-01
3.333333432674407959e-01
9.735834598541259766e-01
9.788979887962341309e-01
3.333333432674407959e-01
3.333333432674407959e-01
3.333333432674407959e-01
3.333333432674407959e-01
9.883786439895629883e-01
9.869849681854248047e-01
9.811952114105224609e-01
3.333333432674407959e-01
6.474864482879638672e-01
3.333333432674407959e-01
3.333333432674407959e-01
3.333333432674407959e-01
3.333333432674407959e-01
3.333333432674407959e-01
3.333333432674407959e-01
6.505028605461120605e-01
9.842497110366821289e-01
9.843014478683471680e-01
9.863076210021972656e-01
9.871067404747009277e-01
9.887630939483642578e-01
3.333333432674407959e-01
3.333333432674407959e-01
3.333333432674407959e-01
3.333333432674407959e-01
3.333333432674407959e-01
3.333333432674407959e-01
9.880472421646118164e-01
3.333333432674407959e-01
9.846982955932617188e-01
9.806152582168579102e-01
9.784066081047058105e-01
9.809393286705017090e-01
9.820847511291503906e-01
3.333333432674407959e-01
3.333333432674407959e-01
3.333333432674407959e-01
3.333333432674407959e-01
3.333333432674407959e-01
9.915365576744079590e-01
9.845947027206420898e-01
3.333333432674407959e-01
9.850609302520751953e-01
9.846637248992919922e-01
3.333333432674407959e-01
9.678474664688110352e-01
3.333333432674407959e-01
9.830280542373657227e-01
9.858570098876953125e-01
3.333333432674407959e-01
3.333333432674407959e-01
9.918010234832763672e-01
9.870545864105224609e-01
3.333333432674407959e-01
9.846464395523071289e-01
9.811952114105224609e-01
3.333333432674407959e-01
3.333333432674407959e-01
3.333333432674407959e-01
3.333333432674407959e-01
3.333333432674407959e-01
3.333333432674407959e-01
3.292354047298431396e-01
9.941380023956298828e-01
9.919247031211853027e-01
9.905158281326293945e-01
9.880646467208862305e-01
9.863597154617309570e-01
6.557096838951110840e-01
6.603788137435913086e-01
3.333333432674407959e-01
3.333333432674407959e-01
6.561297178268432617e-01
6.605030894279479980e-01
9.804958105087280273e-01
9.778989553451538086e-01
9.791524410247802734e-01
9.805641174316406250e-01
9.800531864166259766e-01
9.817252159118652344e-01
6.586973071098327637e-01
9.861513972282409668e-01
9.840255975723266602e-01
9.806151390075683594e-01
9.779158830642700195e-01
3.333333432674407959e-01
9.770379066467285156e-01
3.333333432674407959e-01
9.765325784683227539e-01
3.333333432674407959e-01
3.333333432674407959e-01
6.524197459220886230e-01
3.333333432674407959e-01
3.333333432674407959e-01
3.333333432674407959e-01
3.333333432674407959e-01
9.957762956619262695e-01
9.948853254318237305e-01
9.921365976333618164e-01
9.898311495780944824e-01
9.905686378479003906e-01
9.892181158065795898e-01
9.883440732955932617e-01
3.333333432674407959e-01
3.333333432674407959e-01
3.333333432674407959e-01
3.333333432674407959e-01
3.333333432674407959e-01
9.949027299880981445e-01
9.919776320457458496e-01
9.891128540039062500e-01
9.890604019165039062e-01
9.900943636894226074e-01
9.897786378860473633e-01
9.891655445098876953e-01
6.561123728752136230e-01
3.333333432674407959e-01
3.333333432674407959e-01
3.333333432674407959e-01
3.333333432674407959e-01
3.333333432674407959e-01
3.333333432674407959e-01
6.528010368347167969e-01
9.841291308403015137e-01
9.831138849258422852e-01
9.846638441085815430e-01
9.804277420043945312e-01
3.333333432674407959e-01
9.844911098480224609e-01
3.333333432674407959e-01
6.616410017013549805e-01
3.333333432674407959e-01
3.333333432674407959e-01
6.628366708755493164e-01
9.905683994293212891e-01
9.832683801651000977e-01
9.799510836601257324e-01
9.823588728904724121e-01
3.333333432674407959e-01
9.788471460342407227e-01
9.832341670989990234e-01
3.333333432674407959e-01
3.333333432674407959e-01
3.333333432674407959e-01
3.333333432674407959e-01
3.333333432674407959e-01
3.333333432674407959e-01
3.333333432674407959e-01
3.333333432674407959e-01
6.627827882766723633e-01
9.922422766685485840e-01
9.919599890708923340e-01
9.872459173202514648e-01
9.878380298614501953e-01
3.333333432674407959e-01
9.876637458801269531e-01
3.333333432674407959e-01
3.333333432674407959e-01
3.333333432674407959e-01
3.333333432674407959e-01
6.513125896453857422e-01
6.504683494567871094e-01
3.333333432674407959e-01
3.333333432674407959e-01
9.718865156173706055e-01
9.703966975212097168e-01
3.333333432674407959e-01
3.333333432674407959e-01
9.921359419822692871e-01
3.333333432674407959e-01
9.788470268249511719e-01
3.333333432674407959e-01
3.333333432674407959e-01
3.333333432674407959e-01
3.333333432674407959e-01
3.333333432674407959e-01
3.333333432674407959e-01
6.447854042053222656e-01
9.788297414779663086e-01
9.790332317352294922e-01
9.750544428825378418e-01
9.654644727706909180e-01
9.730167388916015625e-01
9.739838838577270508e-01
3.333333432674407959e-01
3.333333432674407959e-01
3.333333432674407959e-01
3.333333432674407959e-01
3.333333432674407959e-01
9.807004332542419434e-01
9.815542101860046387e-01
9.812636375427246094e-01
3.333333432674407959e-01
9.842841029167175293e-01
9.842494726181030273e-01
9.891477823257446289e-01
9.915716052055358887e-01
3.333333432674407959e-01
3.333333432674407959e-01
3.333333432674407959e-01
3.333333432674407959e-01
3.333333432674407959e-01
9.894806742668151855e-01
3.333333432674407959e-01
9.836297035217285156e-01
9.838535189628601074e-01
3.333333432674407959e-01
3.333333432674407959e-01
3.333333432674407959e-01
9.903227090835571289e-01
9.853204488754272461e-01
9.830452203750610352e-01
3.333333432674407959e-01
6.538605093955993652e-01
3.333333432674407959e-01
3.333333432674407959e-01
3.333333432674407959e-01
9.918717741966247559e-01
9.897960424423217773e-01
3.333333432674407959e-01
3.333333432674407959e-01
3.333333432674407959e-01
3.333333432674407959e-01
9.861690402030944824e-01
9.889206290245056152e-01
3.333333432674407959e-01
3.333333432674407959e-01
3.333333432674407959e-01
9.835602045059204102e-01
9.877682924270629883e-01
9.835952520370483398e-01
9.775609970092773438e-01
3.333333432674407959e-01
9.733833670616149902e-01
9.736001491546630859e-01
3.333333432674407959e-01
9.827704429626464844e-01
3.333333432674407959e-01
6.632839441299438477e-01
3.333333432674407959e-01
9.881519675254821777e-01
9.872807860374450684e-01
9.873155951499938965e-01
9.839912652969360352e-01
9.846982955932617188e-01
6.512095928192138672e-01
3.333333432674407959e-01
3.333333432674407959e-01
6.548360586166381836e-01
3.333333432674407959e-01
9.882042407989501953e-01
9.822217226028442383e-01
9.780680537223815918e-01
9.739171862602233887e-01
9.770548343658447266e-01
9.763474464416503906e-01
9.796789884567260742e-01
3.333333432674407959e-01
3.333333432674407959e-01
6.629259586334228516e-01
9.957412481307983398e-01
3.333333432674407959e-01
3.333333432674407959e-01
3.333333432674407959e-01
9.885885119438171387e-01
9.875419139862060547e-01
9.873852133750915527e-01
9.879252910614013672e-01
3.333333432674407959e-01
3.333333432674407959e-01
3.333333432674407959e-01
3.333333432674407959e-01
3.333333432674407959e-01
9.882565736770629883e-01
3.333333432674407959e-01
9.808540344238281250e-01
3.333333432674407959e-01
3.333333432674407959e-01
3.333333432674407959e-01
6.425434350967407227e-01
3.333333432674407959e-01
3.333333432674407959e-01
3.333333432674407959e-01
3.333333432674407959e-01
3.333333432674407959e-01
6.571825742721557617e-01
3.333333432674407959e-01
9.853721857070922852e-01
9.871068000793457031e-01
3.333333432674407959e-01
3.333333432674407959e-01
3.333333432674407959e-01
3.333333432674407959e-01
3.333333432674407959e-01
3.333333432674407959e-01
3.333333432674407959e-01
6.597225666046142578e-01
9.911136627197265625e-01
9.835607409477233887e-01
9.832341074943542480e-01
9.805640578269958496e-01
9.793900847434997559e-01
3.333333432674407959e-01
3.333333432674407959e-01
3.333333432674407959e-01
3.333333432674407959e-01
3.333333432674407959e-01
6.614096164703369141e-01
9.906389117240905762e-01
9.825645685195922852e-01
9.802063703536987305e-01
3.333333432674407959e-01
3.333333432674407959e-01
9.786098003387451172e-01
3.333333432674407959e-01
3.333333432674407959e-01
6.576750278472900391e-01
3.333333432674407959e-01
3.333333432674407959e-01
3.333333432674407959e-01
3.333333432674407959e-01
3.333333432674407959e-01
3.333333432674407959e-01
3.333333432674407959e-01
6.582383513450622559e-01
6.559545397758483887e-01
9.870892763137817383e-01
3.333333432674407959e-01
9.832856059074401855e-01
3.333333432674407959e-01
6.528703570365905762e-01
3.333333432674407959e-01
3.333333432674407959e-01
3.333333432674407959e-01
3.333333432674407959e-01
3.333333432674407959e-01
9.839736223220825195e-01
9.741007685661315918e-01
9.793050289154052734e-01
9.766503572463989258e-01
3.333333432674407959e-01
3.333333432674407959e-01
9.603360891342163086e-01
3.333333432674407959e-01
3.333333432674407959e-01
3.333333432674407959e-01
3.333333432674407959e-01
3.333333432674407959e-01
9.948314428329467773e-01
9.931092262268066406e-01
9.913780093193054199e-01
9.908499121665954590e-01
9.895858168601989746e-01
3.333333432674407959e-01
9.875071048736572266e-01
9.870895147323608398e-01
6.580271720886230469e-01
3.333333432674407959e-01
3.333333432674407959e-01
3.333333432674407959e-01
3.333333432674407959e-01
3.333333432674407959e-01
9.902522563934326172e-01
9.887106418609619141e-01
3.333333432674407959e-01
9.880995750427246094e-01
9.876986742019653320e-01
9.885534644126892090e-01
3.333333432674407959e-01
3.333333432674407959e-01
3.333333432674407959e-01
3.333333432674407959e-01
3.333333432674407959e-01
6.585906744003295898e-01
3.333333432674407959e-01
3.333333432674407959e-01
9.866201281547546387e-01
3.333333432674407959e-01
3.333333432674407959e-01
3.333333432674407959e-01
3.333333432674407959e-01
3.333333432674407959e-01
3.333333432674407959e-01
6.627470254898071289e-01
9.900416135787963867e-01
9.884312152862548828e-01
3.333333432674407959e-01
3.333333432674407959e-01
9.797129631042480469e-01
9.780173301696777344e-01
9.815030097961425781e-01
6.481868028640747070e-01
3.333333432674407959e-01
9.947962760925292969e-01
9.920482635498046875e-01
9.908675551414489746e-01
9.893931746482849121e-01
9.889206290245056152e-01
9.873678088188171387e-01
3.333333432674407959e-01
9.838190078735351562e-01
3.333333432674407959e-01
3.333333432674407959e-01
3.333333432674407959e-01
3.333333432674407959e-01
3.333333432674407959e-01
9.774088859558105469e-01
9.759269952774047852e-01
3.333333432674407959e-01
3.333333432674407959e-01
3.333333432674407959e-01
3.333333432674407959e-01
9.961690902709960938e-01
3.333333432674407959e-01
9.915013313293457031e-01
9.912195205688476562e-01
9.895507693290710449e-01
3.333333432674407959e-01
9.875942468643188477e-01
9.861516952514648438e-01
6.557272672653198242e-01
3.333333432674407959e-01
3.333333432674407959e-01
3.333333432674407959e-01
3.333333432674407959e-01
3.333333432674407959e-01
9.917658567428588867e-01
9.883089065551757812e-01
9.872111678123474121e-01
9.840600490570068359e-01
9.842151999473571777e-01
6.538952589035034180e-01
3.333333432674407959e-01
3.333333432674407959e-01
3.333333432674407959e-01
3.333333432674407959e-01
3.333333432674407959e-01
6.581505537033081055e-01
9.890953302383422852e-01
9.889204502105712891e-01
9.870198965072631836e-01
9.852166175842285156e-01
3.333333432674407959e-01
3.333333432674407959e-01
6.538257002830505371e-01
3.333333432674407959e-01
3.333333432674407959e-01
3.333333432674407959e-01
6.613561511039733887e-01
9.932155609130859375e-01
9.916953444480895996e-01
9.882391691207885742e-01
9.883964061737060547e-01
9.884138107299804688e-01
9.871069192886352539e-01
9.842325448989868164e-01
9.856145381927490234e-01
6.521427631378173828e-01
3.333333432674407959e-01
3.333333432674407959e-01
9.947946071624755859e-01
9.948137998580932617e-01
3.333333432674407959e-01
3.333333432674407959e-01
3.333333432674407959e-01
9.833889007568359375e-01
9.847673773765563965e-01
6.548186540603637695e-01
3.333333432674407959e-01
3.333333432674407959e-01
3.333333432674407959e-01
6.591920256614685059e-01
9.872633218765258789e-01
9.867938756942749023e-01
3.333333432674407959e-01
3.333333432674407959e-01
9.791693687438964844e-01
9.787454009056091309e-01
3.333333432674407959e-01
3.333333432674407959e-01
3.333333432674407959e-01
3.333333432674407959e-01
3.333333432674407959e-01
6.626579165458679199e-01
3.333333432674407959e-01
3.333333432674407959e-01
3.333333432674407959e-01
3.333333432674407959e-01
9.861863851547241211e-01
9.848191738128662109e-01
3.333333432674407959e-01
9.850437641143798828e-01
3.333333432674407959e-01
3.333333432674407959e-01
3.333333432674407959e-01
6.611781120300292969e-01
3.333333432674407959e-01
9.808196425437927246e-01
3.333333432674407959e-01
3.333333432674407959e-01
3.333333432674407959e-01
6.423922777175903320e-01
3.333333432674407959e-01
3.333333432674407959e-01
3.333333432674407959e-01
3.333333432674407959e-01
9.905159473419189453e-01
9.902875423431396484e-01
3.333333432674407959e-01
9.879077672958374023e-01
9.899187088012695312e-01
9.932863116264343262e-01
6.583268046379089355e-01
3.333333432674407959e-01
3.333333432674407959e-01
3.333333432674407959e-01
3.333333432674407959e-01
6.519868373870849609e-01
6.481696367263793945e-01
9.718863368034362793e-01
3.333333432674407959e-01
9.618593454360961914e-01
9.681751728057861328e-01
9.660667777061462402e-01
6.445825099945068359e-01
3.333333432674407959e-01
3.333333432674407959e-01
3.333333432674407959e-01
9.902698397636413574e-01
9.886233210563659668e-01
3.333333432674407959e-01
3.333333432674407959e-01
9.774259924888610840e-01
9.806323051452636719e-01
3.333333432674407959e-01
9.817766547203063965e-01
3.333333432674407959e-01
3.333333432674407959e-01
3.333333432674407959e-01
3.333333432674407959e-01
3.333333432674407959e-01
9.677655100822448730e-01
9.649122953414916992e-01
3.333333432674407959e-01
9.590908288955688477e-01
9.568206071853637695e-01
3.333333432674407959e-01
9.648634791374206543e-01
9.716045260429382324e-01
3.333333432674407959e-01
6.609293222427368164e-01
3.333333432674407959e-01
3.333333432674407959e-01
3.333333432674407959e-01
3.333333432674407959e-01
3.333333432674407959e-01
3.333333432674407959e-01
9.650909304618835449e-01
3.333333432674407959e-01
9.702647924423217773e-01
3.333333432674407959e-01
9.685854315757751465e-01
9.819990396499633789e-01
9.947602748870849609e-01
3.333333432674407959e-01
3.333333432674407959e-01
3.333333432674407959e-01
9.941555857658386230e-01
3.333333432674407959e-01
3.333333432674407959e-01
3.333333432674407959e-01
3.333333432674407959e-01
6.545919179916381836e-01
3.333333432674407959e-01
3.333333432674407959e-01
3.333333432674407959e-01
3.333333432674407959e-01
3.333333432674407959e-01
6.608581542968750000e-01
9.869328737258911133e-01
9.871763586997985840e-01
9.811954498291015625e-01
9.800702333450317383e-01
9.770717024803161621e-01
9.749373793601989746e-01
3.333333432674407959e-01
3.333333432674407959e-01
3.333333432674407959e-01
9.904628992080688477e-01
9.882564544677734375e-01
9.813489913940429688e-01
3.333333432674407959e-01
3.333333432674407959e-01
9.780342578887939453e-01
6.470093131065368652e-01
3.333333432674407959e-01
3.333333432674407959e-01
3.333333432674407959e-01
9.850263595581054688e-01
9.798489809036254883e-01
3.333333432674407959e-01
3.333333432674407959e-01
3.333333432674407959e-01
3.333333432674407959e-01
3.333333432674407959e-01
9.919952750205993652e-01
9.888679981231689453e-01
9.870893955230712891e-01
3.333333432674407959e-01
9.856318831443786621e-01
3.333333432674407959e-01
9.873329997062683105e-01
3.333333432674407959e-01
3.333333432674407959e-01
3.333333432674407959e-01
3.333333432674407959e-01
9.706445932388305664e-01
6.390180587768554688e-01
3.333333432674407959e-01
3.333333432674407959e-01
6.542955636978149414e-01
9.927020072937011719e-01
9.880124330520629883e-01
9.820162057876586914e-01
9.787284135818481445e-01
9.764147996902465820e-01
9.771223068237304688e-01
3.333333432674407959e-01
9.797300100326538086e-01
3.333333432674407959e-01
3.333333432674407959e-01
3.333333432674407959e-01
9.947069883346557617e-01
3.333333432674407959e-01
9.916071295738220215e-01
9.895156621932983398e-01
9.894630908966064453e-01
3.333333432674407959e-01
9.838535189628601074e-01
9.860130548477172852e-01
3.333333432674407959e-01
3.333333432674407959e-01
9.932684302330017090e-01
9.910258054733276367e-01
9.860476851463317871e-01
3.333333432674407959e-01
9.850610494613647461e-01
3.333333432674407959e-01
3.333333432674407959e-01
3.333333432674407959e-01
3.333333432674407959e-01
3.333333432674407959e-01
3.333333432674407959e-01
3.333333432674407959e-01
9.879949092864990234e-01
3.333333432674407959e-01
9.882392883300781250e-01
9.863252043724060059e-01
3.333333432674407959e-01
3.333333432674407959e-01
9.819135069847106934e-01
6.564628481864929199e-01
3.333333432674407959e-01
3.333333432674407959e-01
9.949742555618286133e-01
9.917659163475036621e-01
9.889730215072631836e-01
9.890254735946655273e-01
9.898312091827392578e-01
3.333333432674407959e-01
9.888157248497009277e-01
9.894106388092041016e-01
6.555173397064208984e-01
3.333333432674407959e-01
3.333333432674407959e-01
3.333333432674407959e-01
9.920305609703063965e-01
3.333333432674407959e-01
9.805811643600463867e-01
9.748871326446533203e-01
9.772404432296752930e-01
3.333333432674407959e-01
3.333333432674407959e-01
3.333333432674407959e-01
9.897257685661315918e-01
9.878379702568054199e-01
3.333333432674407959e-01
9.814003705978393555e-01
3.333333432674407959e-01
3.333333432674407959e-01
3.333333432674407959e-01
3.333333432674407959e-01
3.333333432674407959e-01
3.333333432674407959e-01
3.333333432674407959e-01
3.333333432674407959e-01
9.833716154098510742e-01
9.761456847190856934e-01
9.765157699584960938e-01
6.516067385673522949e-01
3.333333432674407959e-01
3.333333432674407959e-01
9.840257167816162109e-01
9.799340963363647461e-01
3.333333432674407959e-01
9.834403991699218750e-01
9.839911460876464844e-01
9.853894710540771484e-01
9.841290712356567383e-01
9.889029860496520996e-01
9.913427233695983887e-01
6.584150195121765137e-01
3.333333432674407959e-01
9.954910278320312500e-01
9.934637546539306641e-01
9.912194609642028809e-01
3.333333432674407959e-01
9.885534048080444336e-01
3.333333432674407959e-01
9.885361194610595703e-01
9.873677492141723633e-01
9.871414899826049805e-01
6.581858396530151367e-01
3.333333432674407959e-01
3.333333432674407959e-01
3.333333432674407959e-01
9.930028915405273438e-01
9.900240898132324219e-01
3.333333432674407959e-01
9.867938756942749023e-01
9.824444651603698730e-01
6.528703570365905762e-01
3.333333432674407959e-01
3.333333432674407959e-01
3.333333432674407959e-01
3.333333432674407959e-01
3.333333432674407959e-01
6.518313884735107422e-01
3.333333432674407959e-01
3.333333432674407959e-01
3.333333432674407959e-01
3.333333432674407959e-01
3.333333432674407959e-01
9.826331138610839844e-01
9.866027235984802246e-01
9.924015402793884277e-01
3.333333432674407959e-01
3.333333432674407959e-01
3.333333432674407959e-01
3.333333432674407959e-01
3.333333432674407959e-01
9.903225302696228027e-01
9.885184764862060547e-01
9.900061488151550293e-01
3.333333432674407959e-01
6.584147810935974121e-01
3.333333432674407959e-01
3.333333432674407959e-01
3.333333432674407959e-01
3.333333432674407959e-01
6.530784964561462402e-01
9.816564321517944336e-01
9.857010245323181152e-01
9.785928130149841309e-01
9.709091186523437500e-01
9.686347842216491699e-01
9.670294523239135742e-01
3.333333432674407959e-01
6.508302092552185059e-01
3.333333432674407959e-01
3.333333432674407959e-01
3.333333432674407959e-01
6.535996794700622559e-01
6.506751775741577148e-01
9.834576845169067383e-01
9.849228262901306152e-01
3.333333432674407959e-01
3.333333432674407959e-01
9.870198965072631836e-01
9.881170988082885742e-01
9.905509352684020996e-01
9.947961568832397461e-01
3.333333432674407959e-01
6.641262769699096680e-01
9.928259253501892090e-01
9.905158281326293945e-01
3.333333432674407959e-01
9.889905452728271484e-01
9.878381490707397461e-01
9.878730177879333496e-01
9.863945841789245605e-01
9.841635227203369141e-01
3.333333432674407959e-01
3.333333432674407959e-01
3.333333432674407959e-01
3.333333432674407959e-01
3.333333432674407959e-01
3.333333432674407959e-01
3.333333432674407959e-01
9.679457545280456543e-01
9.672582149505615234e-01
9.653996229171752930e-01
9.703804254531860352e-01
3.333333432674407959e-01
9.775779247283935547e-01
3.333333432674407959e-01
9.948850870132446289e-01
3.333333432674407959e-01
3.333333432674407959e-01
6.607517004013061523e-01
3.333333432674407959e-01
3.333333432674407959e-01
9.805129766464233398e-01
9.788131713867187500e-01
9.747531414031982422e-01
9.740675687789916992e-01
9.732500314712524414e-01
3.333333432674407959e-01
9.785759449005126953e-01
3.333333432674407959e-01
3.333333432674407959e-01
3.333333432674407959e-01
6.615873575210571289e-01
6.585208773612976074e-01
9.845427870750427246e-01
9.860648512840270996e-01
3.333333432674407959e-01
3.333333432674407959e-01
9.809905886650085449e-01
9.678966403007507324e-01
9.722020030021667480e-01
9.831826090812683105e-01
3.333333432674407959e-01
3.333333432674407959e-01
9.894453883171081543e-01
3.333333432674407959e-01
9.864118099212646484e-01
9.833889007568359375e-01
3.333333432674407959e-01
3.333333432674407959e-01
9.808710813522338867e-01
6.493856310844421387e-01
3.333333432674407959e-01
3.333333432674407959e-01
