8.825636655092239380e-02
3.916268050670623779e-02
9.271245449781417847e-02
8.171297609806060791e-02
5.090207606554031372e-02
7.205507159233093262e-02
5.920887365937232971e-02
7.994879782199859619e-02
9.780508279800415039e-02
3.788048028945922852e-02
2.525015920400619507e-02
8.344038575887680054e-02
7.994388043880462646e-02
5.733364820480346680e-02
3.482895717024803162e-02
4.745257645845413208e-02
6.083000078797340393e-02
9.662799537181854248e-02
2.614640630781650543e-02
3.731839358806610107e-02
4.885714873671531677e-02
3.773502632975578308e-02
3.975550457835197449e-02
5.243325978517532349e-02
4.298336058855056763e-02
2.335927635431289673e-02
4.751326143741607666e-02
3.697296977043151855e-02
4.129242524504661560e-02
3.473670780658721924e-02
3.296519815921783447e-02
4.196949675679206848e-02
2.489631436765193939e-02
3.001714125275611877e-02
6.071684136986732483e-02
3.805003687739372253e-02
7.181073725223541260e-02
1.990727148950099945e-02
9.727556258440017700e-02
1.000811681151390076e-01
2.872751094400882721e-02
3.053258173167705536e-02
4.100766032934188843e-02
3.525895997881889343e-02
5.786744505167007446e-02
5.313305929303169250e-02
3.210853412747383118e-02
5.512726679444313049e-02
4.538737609982490540e-02
3.434694558382034302e-02
4.654960334300994873e-02
5.498525127768516541e-02
2.651427872478961945e-02
3.573882952332496643e-02
3.642816096544265747e-02
2.245419099926948547e-02
3.744169697165489197e-02
3.919644281268119812e-02
1.175180226564407349e-01
7.834590971469879150e-02
2.413051575422286987e-02
3.826465085148811340e-02
3.000054135918617249e-02
5.727919563651084900e-02
4.079835116863250732e-02
3.232892975211143494e-02
2.783330902457237244e-02
1.626154407858848572e-02
3.131912648677825928e-02
2.664417028427124023e-02
2.038475871086120605e-02
3.571314737200737000e-02
4.142991080880165100e-02
3.708787634968757629e-02
1.214900687336921692e-01
3.563527390360832214e-02
2.024383991956710815e-01
2.141270600259304047e-02
2.292682416737079620e-02
5.807838588953018188e-02
1.146073862910270691e-01
5.636608973145484924e-02
7.510949671268463135e-02
6.960835307836532593e-02
4.117946326732635498e-02
3.260968253016471863e-02
1.945408731698989868e-01
4.505480825901031494e-02
3.050096891820430756e-02
5.014206469058990479e-02
5.200099945068359375e-02
9.848124533891677856e-02
5.932071432471275330e-02
3.839854896068572998e-02
5.402753874659538269e-02
3.769116103649139404e-02
3.148956596851348877e-02
6.233214586973190308e-02
4.656555131077766418e-02
2.526758611202239990e-02
6.068881228566169739e-02
1.083718240261077881e-01
3.366929292678833008e-02
5.028387531638145447e-02
3.748841211199760437e-02
6.230407208204269409e-02
2.392500638961791992e-02
9.110033512115478516e-02
5.229787528514862061e-02
5.084892734885215759e-02
4.276090115308761597e-02
3.927561640739440918e-02
7.986016571521759033e-02
3.630568832159042358e-02
3.339581936597824097e-02
5.496176704764366150e-02
3.525411710143089294e-02
1.736162230372428894e-02
2.526100911200046539e-02
2.317878976464271545e-02
4.687343910336494446e-02
2.317015081644058228e-02
3.406093642115592957e-02
3.155073896050453186e-02
2.109129726886749268e-02
9.485451877117156982e-02
6.311716884374618530e-02
5.867670103907585144e-02
2.606948465108871460e-02
4.905964434146881104e-02
3.751016408205032349e-02
3.618564084172248840e-02
6.171218678355216980e-02
3.884753212332725525e-02
2.049646340310573578e-02
1.048030052334070206e-02
8.190578967332839966e-02
6.118699535727500916e-02
5.532269924879074097e-02
4.216563329100608826e-02
4.930627718567848206e-02
1.806035637855529785e-02
5.349927023053169250e-02
2.401370927691459656e-02
2.586833946406841278e-02
3.825902193784713745e-02
1.446739584207534790e-02
5.624637380242347717e-02
4.302035272121429443e-02
4.898234829306602478e-02
4.372115433216094971e-02
4.017340019345283508e-02
2.846509218215942383e-02
2.424657344818115234e-02
6.788703799247741699e-02
3.463576361536979675e-02
5.656306818127632141e-02
3.155780956149101257e-02
2.971396595239639282e-02
2.195932343602180481e-02
2.294798940420150757e-02
3.216187655925750732e-02
3.089000284671783447e-02
2.487264014780521393e-02
3.300929069519042969e-02
3.322696313261985779e-02
3.187573701143264771e-02
2.981824055314064026e-02
3.088232688605785370e-02
6.335090845823287964e-02
1.590935327112674713e-02
2.074783295392990112e-02
5.575010553002357483e-02
2.004604600369930267e-02
4.284854605793952942e-02
2.782375924289226532e-02
3.219724074006080627e-02
3.138645365834236145e-02
2.436705678701400757e-02
3.225389868021011353e-02
3.388091921806335449e-02
7.336575537919998169e-02
3.336634859442710876e-02
2.845074422657489777e-02
3.546746075153350830e-02
6.210874021053314209e-02
1.620390638709068298e-02
2.321562543511390686e-02
2.767022699117660522e-02
6.061530858278274536e-02
3.059660270810127258e-02
2.698160707950592041e-02
2.579090744256973267e-02
2.122207731008529663e-02
3.957361355423927307e-02
2.659088559448719025e-02
2.581015415489673615e-02
1.903358288109302521e-02
4.723797738552093506e-02
1.949327066540718079e-02
