2.021855115890502930e-02
2.702992223203182220e-02
3.213134780526161194e-02
2.753515727818012238e-02
1.794153265655040741e-02
2.005084417760372162e-02
2.335890755057334900e-02
3.336700797080993652e-02
2.635782398283481598e-02
3.453643992543220520e-02
2.058675698935985565e-02
2.377247065305709839e-02
3.149915859103202820e-02
4.976441711187362671e-02
2.488700486719608307e-02
2.607826329767704010e-02
4.548827186226844788e-02
3.540156409144401550e-02
1.596704684197902679e-02
6.010093912482261658e-02
3.603555634617805481e-02
5.384546890854835510e-02
7.122971862554550171e-02
3.228840976953506470e-02
4.569155350327491760e-02
6.092283502221107483e-02
3.338127583265304565e-02
4.595171660184860229e-02
4.843428730964660645e-02
1.521129999309778214e-02
4.010948911309242249e-02
2.904806844890117645e-02
5.106668546795845032e-02
3.607750311493873596e-02
2.629672735929489136e-02
4.589654505252838135e-02
2.715715020895004272e-02
4.477337375283241272e-02
3.274376317858695984e-02
3.831778466701507568e-02
2.504607103765010834e-02
2.054739557206630707e-02
3.324808925390243530e-02
4.253819957375526428e-02
4.178156703710556030e-02
7.934482395648956299e-02
2.770440652966499329e-02
6.861081719398498535e-02
4.839675873517990112e-02
5.172238126397132874e-02
3.336658701300621033e-02
2.140963263809680939e-02
3.422962129116058350e-02
2.266869321465492249e-02
6.714505702257156372e-02
5.244043096899986267e-02
4.806798323988914490e-02
4.277594015002250671e-02
4.419706761837005615e-02
3.630040958523750305e-02
2.419057115912437439e-02
6.368514150381088257e-02
3.455195948481559753e-02
3.003844060003757477e-02
3.721876442432403564e-02
2.161497995257377625e-02
2.726523391902446747e-02
2.853224985301494598e-02
3.641621395945549011e-02
2.611863240599632263e-02
2.075223065912723541e-02
3.673500940203666687e-02
3.793743997812271118e-02
2.107818424701690674e-02
2.130970731377601624e-02
2.790321223437786102e-02
5.616813898086547852e-02
3.545479103922843933e-02
2.291693538427352905e-02
2.405969798564910889e-02
7.231828570365905762e-02
2.933485805988311768e-02
2.000272087752819061e-02
3.469127789139747620e-02
4.501122981309890747e-02
3.009780310094356537e-02
2.513069100677967072e-02
3.892610594630241394e-02
2.809032611548900604e-02
2.839257940649986267e-02
4.633951559662818909e-02
3.681131079792976379e-02
4.669332131743431091e-02
5.323858931660652161e-02
5.341481044888496399e-02
3.585777804255485535e-02
6.600365042686462402e-02
2.513955906033515930e-02
2.877290919423103333e-02
1.649663224816322327e-02
7.218221575021743774e-02
2.259523980319499969e-02
2.346669323742389679e-02
4.351237788796424866e-02
2.694483846426010132e-02
2.859973534941673279e-02
2.908189408481121063e-02
1.183768454939126968e-02
4.805900901556015015e-02
1.828344352543354034e-02
6.062552705407142639e-02
2.817117795348167419e-02
2.727792970836162567e-02
3.290209919214248657e-02
2.632421068847179413e-02
1.725132577121257782e-02
2.585520781576633453e-02
6.236910820007324219e-02
3.769753500819206238e-02
8.557451516389846802e-02
5.160113424062728882e-02
5.312324687838554382e-02
3.383947163820266724e-02
2.680469118058681488e-02
2.186908014118671417e-02
2.192965149879455566e-02
4.522116109728813171e-02
1.289182715117931366e-02
4.295894503593444824e-02
4.725457727909088135e-02
4.282448068261146545e-02
3.206027299165725708e-02
2.103135734796524048e-02
3.531558811664581299e-02
4.243742674589157104e-02
4.564360156655311584e-02
4.300509020686149597e-02
5.970646440982818604e-02
5.657079443335533142e-02
1.805547252297401428e-02
4.228102788329124451e-02
3.536214679479598999e-02
3.668406978249549866e-02
5.514182895421981812e-02
2.913713827729225159e-02
3.945478796958923340e-02
3.027130849659442902e-02
1.933502033352851868e-02
3.767411783337593079e-02
4.422259330749511719e-02
1.466704718768596649e-02
4.829724133014678955e-02
2.907213941216468811e-02
4.557988792657852173e-02
1.109922397881746292e-02
2.602762728929519653e-02
7.886675000190734863e-02
2.127345651388168335e-02
3.952391073107719421e-02
3.785141929984092712e-02
3.394091501832008362e-02
5.874782055616378784e-02
2.416505478322505951e-02
3.372316062450408936e-02
3.503002598881721497e-02
2.282589860260486603e-02
4.186020791530609131e-02
2.834559790790081024e-02
6.671374291181564331e-02
1.878725364804267883e-02
4.600183293223381042e-02
2.803873829543590546e-02
4.053165018558502197e-02
3.365565836429595947e-02
2.115259505808353424e-02
3.136921301484107971e-02
4.781143739819526672e-02
2.646041661500930786e-02
3.404577448964118958e-02
1.928707212209701538e-02
3.004887513816356659e-02
1.938658207654953003e-02
4.610459506511688232e-02
2.717318758368492126e-02
2.180095575749874115e-02
2.232468873262405396e-02
8.192887157201766968e-02
5.033674836158752441e-02
1.632568798959255219e-02
3.708397969603538513e-02
2.476242929697036743e-02
1.750746741890907288e-02
9.517423063516616821e-02
2.410501986742019653e-02
3.943198919296264648e-02
3.916311264038085938e-02
6.697894632816314697e-02
3.431126102805137634e-02
5.053355917334556580e-02
2.514205686748027802e-02
