1.031221263110637665e-02
1.863468997180461884e-02
1.186489220708608627e-02
1.718173548579216003e-02
1.081978343427181244e-02
8.231238462030887604e-03
1.255476847290992737e-02
2.877222746610641479e-02
1.628572680056095123e-02
9.175814688205718994e-03
9.981359355151653290e-03
3.605800494551658630e-02
2.895263582468032837e-02
1.020141784101724625e-02
1.760583184659481049e-02
3.325503319501876831e-02
2.475713565945625305e-02
1.140922959893941879e-02
2.813952229917049408e-02
6.950287148356437683e-03
8.077571168541908264e-03
1.429870910942554474e-02
2.380312420427799225e-02
1.247485168278217316e-02
1.021305378526449203e-02
1.161996368318796158e-02
7.162889465689659119e-03
1.786238327622413635e-02
1.117106061428785324e-02
3.705490753054618835e-02
3.046129085123538971e-02
2.543331868946552277e-02
1.187124289572238922e-02
2.953773550689220428e-02
4.115934297442436218e-02
8.300916291773319244e-03
2.013641409575939178e-02
2.494801394641399384e-02
9.919566102325916290e-03
8.986722677946090698e-03
2.357428148388862610e-02
2.280208282172679901e-02
1.268473546952009201e-02
2.977118454873561859e-02
2.393025532364845276e-02
7.350289728492498398e-03
2.367769181728363037e-02
1.699998416006565094e-02
8.669490925967693329e-03
1.783729344606399536e-02
1.085396390408277512e-02
1.820574142038822174e-02
1.921366341412067413e-02
1.833359338343143463e-02
1.468125358223915100e-02
1.082919910550117493e-02
1.072559319436550140e-02
1.762538962066173553e-02
2.752509154379367828e-02
1.433435920625925064e-02
9.863138198852539062e-03
1.843745820224285126e-02
1.509005483239889145e-02
7.204344030469655991e-03
2.582882530987262726e-02
2.315519005060195923e-02
7.931197062134742737e-03
1.407708320766687393e-02
1.273330859839916229e-02
9.333150461316108704e-03
1.547096297144889832e-02
6.665346212685108185e-03
9.252184070646762848e-03
1.266298815608024597e-02
1.101977657526731491e-02
3.059499897062778473e-02
1.355208270251750946e-02
1.055274810642004013e-02
1.806947961449623108e-02
6.896473001688718796e-03
2.232015132904052734e-02
1.604655571281909943e-02
1.901239901781082153e-02
3.084611147642135620e-02
1.686976291239261627e-02
1.888797618448734283e-02
8.320497348904609680e-03
9.449624456465244293e-03
8.663390763103961945e-03
7.908842526376247406e-03
3.126206994056701660e-02
2.132093347609043121e-02
1.128076948225498199e-02
1.134041603654623032e-02
5.436995532363653183e-03
1.366608962416648865e-02
1.255505252629518509e-02
2.933975495398044586e-02
1.398102287203073502e-02
1.735437102615833282e-02
1.654432527720928192e-02
1.589428074657917023e-02
1.152615062892436981e-02
2.671456150710582733e-02
1.810281910002231598e-02
1.538678631186485291e-02
3.145306929945945740e-02
2.647205255925655365e-02
8.757447823882102966e-03
1.486402656883001328e-02
1.511624827980995178e-02
9.862964041531085968e-03
1.335614826530218124e-02
7.564639672636985779e-03
3.784722462296485901e-02
1.840431429445743561e-02
1.894744299352169037e-02
1.103235129266977310e-02
1.105224713683128357e-02
1.233621966093778610e-02
1.111564133316278458e-02
1.423891354352235794e-02
1.924508064985275269e-02
1.337298657745122910e-02
1.519859395921230316e-02
1.660325750708580017e-02
1.415931340306997299e-02
1.119933743029832840e-02
3.132011741399765015e-02
1.185350771993398666e-02
1.622707396745681763e-02
1.350831985473632812e-02
1.594603992998600006e-02
1.228683535009622574e-02
8.022990077733993530e-03
1.591288484632968903e-02
1.357643585652112961e-02
1.614496111869812012e-02
7.699721492826938629e-03
2.751122787594795227e-02
1.539692189544439316e-02
1.764104515314102173e-02
2.911937423050403595e-02
1.069105789065361023e-02
1.420117728412151337e-02
1.620387285947799683e-02
1.887490786612033844e-02
1.014647912234067917e-02
1.759673841297626495e-02
6.931284908205270767e-03
2.158736065030097961e-02
1.037467457354068756e-02
2.719347178936004639e-02
2.535543031990528107e-02
2.343265712261199951e-02
1.895938441157341003e-02
9.806502610445022583e-03
3.214624896645545959e-02
2.415368333458900452e-02
9.130540303885936737e-03
1.486159767955541611e-02
9.064966812729835510e-03
1.210654154419898987e-02
1.192525587975978851e-02
1.122142001986503601e-02
8.629951626062393188e-03
2.065933123230934143e-02
1.145131792873144150e-02
1.824989542365074158e-02
1.999498903751373291e-02
2.217587642371654510e-02
1.930949464440345764e-02
2.256403863430023193e-02
8.640046231448650360e-03
1.505004055798053741e-02
1.538976002484560013e-02
2.450710721313953400e-02
1.381597109138965607e-02
1.616660505533218384e-02
1.155973505228757858e-02
1.463904511183500290e-02
8.179337717592716217e-03
1.073934417217969894e-02
1.960400305688381195e-02
1.974703557789325714e-02
2.649632096290588379e-02
9.682836942374706268e-03
2.321360819041728973e-02
8.463909849524497986e-03
2.009440585970878601e-02
1.133162342011928558e-02
1.232099533081054688e-02
8.204189129173755646e-03
1.426761690527200699e-02
2.003451436758041382e-02
1.221692748367786407e-02
1.139590982347726822e-02
6.544986274093389511e-03
1.726700179278850555e-02
2.015619724988937378e-02
