5.967301875352859497e-02
2.999375574290752411e-02
4.138584807515144348e-02
1.046866178512573242e-01
9.003689885139465332e-02
3.962837904691696167e-02
4.890490323305130005e-02
6.512587517499923706e-02
6.401000171899795532e-02
3.896489739418029785e-02
6.070452183485031128e-02
5.846400558948516846e-02
5.165023356676101685e-02
2.807034924626350403e-02
1.092985942959785461e-01
4.915163293480873108e-02
5.703820660710334778e-02
6.602954864501953125e-02
6.892351806163787842e-02
4.096073657274246216e-02
4.003507643938064575e-02
6.393780559301376343e-02
6.079621985554695129e-02
4.973532259464263916e-02
2.571411989629268646e-02
2.592346444725990295e-02
4.400262981653213501e-02
4.712941125035285950e-02
3.221141174435615540e-02
2.963569015264511108e-02
6.186213344335556030e-02
3.293137997388839722e-02
3.755409270524978638e-02
3.547695279121398926e-02
9.396523982286453247e-02
2.432094886898994446e-02
3.657178953289985657e-02
5.821939185261726379e-02
5.049540847539901733e-02
3.831408545374870300e-02
3.832073509693145752e-02
5.592627450823783875e-02
5.797390639781951904e-02
4.883742704987525940e-02
2.206400968134403229e-02
8.251737058162689209e-02
6.142475455999374390e-02
3.373491019010543823e-02
3.992269188165664673e-02
2.934687398374080658e-02
1.092043146491050720e-01
4.753929749131202698e-02
2.942413836717605591e-02
3.963774070143699646e-02
1.128250360488891602e-01
5.968411639332771301e-02
2.147061005234718323e-02
4.229023680090904236e-02
6.621103733777999878e-02
4.604680463671684265e-02
6.234525516629219055e-02
4.423718526959419250e-02
1.229202821850776672e-01
6.520887464284896851e-02
3.524364903569221497e-02
5.834454670548439026e-02
6.588416546583175659e-02
6.089819967746734619e-02
6.517869979143142700e-02
6.579134613275527954e-02
4.974645748734474182e-02
7.677918672561645508e-02
6.263787299394607544e-02
7.333832979202270508e-02
1.096189469099044800e-01
4.263617470860481262e-02
5.157103016972541809e-02
1.438588500022888184e-01
9.189239144325256348e-02
5.561631172895431519e-02
4.181605577468872070e-02
4.828592762351036072e-02
4.944760724902153015e-02
3.924308344721794128e-02
3.946179896593093872e-02
1.224615275859832764e-01
2.926405332982540131e-02
3.013117611408233643e-02
4.254489392042160034e-02
6.211104616522789001e-02
9.520711004734039307e-02
5.607560649514198303e-02
3.840493410825729370e-02
5.610846355557441711e-02
8.924487233161926270e-02
7.295843958854675293e-02
6.469803303480148315e-02
6.738864630460739136e-02
5.471031740307807922e-02
4.491703957319259644e-02
4.395193606615066528e-02
4.544767737388610840e-02
9.050574153661727905e-02
5.970422551035881042e-02
3.315524756908416748e-02
4.427670314908027649e-02
4.557773843407630920e-02
2.346632815897464752e-02
4.911540076136589050e-02
5.157946050167083740e-02
2.703926339745521545e-02
6.393033266067504883e-02
5.602528899908065796e-02
3.627697750926017761e-02
8.482553809881210327e-02
6.784240901470184326e-02
3.317997977137565613e-02
5.388951674103736877e-02
7.550984621047973633e-02
2.828265167772769928e-02
3.379827365279197693e-02
3.430624678730964661e-02
1.105969250202178955e-01
6.003821268677711487e-02
6.196571514010429382e-02
1.209921687841415405e-01
3.471400961279869080e-02
3.817640990018844604e-02
3.397781401872634888e-02
3.868786245584487915e-02
2.856598421931266785e-02
7.460336387157440186e-02
4.392440244555473328e-02
7.085472345352172852e-02
6.675285100936889648e-02
3.122310526669025421e-02
2.971015498042106628e-02
6.933222711086273193e-02
9.932413697242736816e-02
8.335027098655700684e-02
4.333733394742012024e-02
3.987744823098182678e-02
4.191687330603599548e-02
4.960591346025466919e-02
5.076785758137702942e-02
5.420910567045211792e-02
2.506942860782146454e-02
8.224111050367355347e-02
1.340359449386596680e-01
3.193012997508049011e-02
7.745228707790374756e-02
2.522065676748752594e-02
3.997685760259628296e-02
6.071160361170768738e-02
4.452185332775115967e-02
3.446544706821441650e-02
2.702896483242511749e-02
6.383944302797317505e-02
1.037682816386222839e-01
2.640161104500293732e-02
4.524513706564903259e-02
1.148834601044654846e-01
3.363385051488876343e-02
4.975563287734985352e-02
3.972028195858001709e-02
4.952058568596839905e-02
3.676162660121917725e-02
6.454087793827056885e-02
4.300996661186218262e-02
4.320240393280982971e-02
7.928957790136337280e-02
5.029242113232612610e-02
4.782141000032424927e-02
1.145148128271102905e-01
7.499062269926071167e-02
3.207706287503242493e-02
2.848889119923114777e-02
2.766343764960765839e-02
2.442920021712779999e-02
5.032575875520706177e-02
1.076407656073570251e-01
4.282594844698905945e-02
5.105838179588317871e-02
2.775599621236324310e-02
5.253767594695091248e-02
4.053092747926712036e-02
6.914243102073669434e-02
6.201794743537902832e-02
4.497031122446060181e-02
2.436628751456737518e-02
6.675799190998077393e-02
4.524578526616096497e-02
4.430845379829406738e-02
3.777604177594184875e-02
3.638279438018798828e-02
3.240172192454338074e-02
5.805949494242668152e-02
4.269712790846824646e-02
3.315384313464164734e-02
4.556503519415855408e-02
