1.711754500865936279e-02
2.975651994347572327e-02
2.035788260400295258e-02
1.414772495627403259e-02
2.177284844219684601e-02
1.217636466026306152e-02
2.177869156002998352e-02
1.832010410726070404e-02
3.492913395166397095e-02
1.108784507960081100e-02
1.324807014316320419e-02
2.175018005073070526e-02
1.685777679085731506e-02
9.568482637405395508e-03
1.109247189015150070e-02
5.951287224888801575e-03
2.109992131590843201e-02
1.242166291922330856e-02
2.811908349394798279e-02
1.537036057561635971e-02
1.169597357511520386e-02
1.870044693350791931e-02
1.175825484097003937e-02
2.626715973019599915e-02
2.207939699292182922e-02
2.124076895415782928e-02
1.210265886038541794e-02
1.875353418290615082e-02
2.981733344495296478e-02
1.864682696759700775e-02
1.440070103853940964e-02
1.051214057952165604e-02
2.914140932261943817e-02
2.025952003896236420e-02
1.433542277663946152e-02
2.140095643699169159e-02
1.504362653940916061e-02
4.710770770907402039e-02
1.816794462502002716e-02
1.615903154015541077e-02
2.657388150691986084e-02
3.413110971450805664e-02
1.690022088587284088e-02
4.622682929039001465e-02
1.074453163892030716e-02
1.115540228784084320e-02
2.510947361588478088e-02
7.801307365298271179e-03
2.333202026784420013e-02
2.866669371724128723e-02
1.450877729803323746e-02
3.655121847987174988e-02
1.983602903783321381e-02
1.851377822458744049e-02
2.355966903269290924e-02
1.707009039819240570e-02
2.013412676751613617e-02
1.515445578843355179e-02
2.334301732480525970e-02
1.389180868864059448e-02
1.272250525653362274e-02
1.566879823803901672e-02
2.641516178846359253e-02
2.792118676006793976e-02
1.547754183411598206e-02
1.473832223564386368e-02
2.536185644567012787e-02
2.759539335966110229e-02
1.289744116365909576e-02
2.549054846167564392e-02
1.553277391940355301e-02
2.780392952263355255e-02
1.891153305768966675e-02
1.019203569740056992e-02
2.079720236361026764e-02
3.532757982611656189e-02
2.608893997967243195e-02
2.527312375605106354e-02
1.515950076282024384e-02
2.821363322436809540e-02
4.268240556120872498e-02
1.582930050790309906e-02
1.194772962480783463e-02
3.772319108247756958e-02
1.654229499399662018e-02
1.942974515259265900e-02
1.709173433482646942e-02
2.840075083076953888e-02
1.696013472974300385e-02
1.123984344303607941e-02
3.766488656401634216e-02
1.310104131698608398e-02
2.898797765374183655e-02
1.148635707795619965e-02
1.141122356057167053e-02
1.618602871894836426e-02
1.024943776428699493e-02
1.205825433135032654e-02
1.084846351295709610e-02
1.137533318251371384e-02
1.334832794964313507e-02
1.165683381259441376e-02
1.247203070670366287e-02
9.278627112507820129e-03
1.115352194756269455e-02
1.913632079958915710e-02
1.616053283214569092e-02
1.038462948054075241e-02
2.077368274331092834e-02
2.052714489400386810e-02
3.279895335435867310e-02
1.358264498412609100e-02
3.413422033190727234e-02
3.891904279589653015e-02
2.809836342930793762e-02
3.413740172982215881e-02
2.041071280837059021e-02
1.043176278471946716e-02
2.560509927570819855e-02
1.109127793461084366e-02
1.070610899478197098e-02
1.976516656577587128e-02
4.059720411896705627e-02
1.459299586713314056e-02
1.145547442138195038e-02
2.811044082045555115e-02
1.168782636523246765e-02
1.370392646640539169e-02
2.280205115675926208e-02
9.493494406342506409e-03
1.796835847198963165e-02
1.746836863458156586e-02
2.456617541611194611e-02
3.236567601561546326e-02
1.470868103206157684e-02
1.956015452742576599e-02
2.036764845252037048e-02
2.325792610645294189e-02
2.629113942384719849e-02
1.200141292065382004e-02
3.838545456528663635e-02
3.200162947177886963e-02
8.018633350729942322e-03
1.778952591121196747e-02
1.562508195638656616e-02
1.055885013192892075e-02
2.993973530828952789e-02
2.633276022970676422e-02
3.307468816637992859e-02
1.966333016753196716e-02
1.288685016334056854e-02
1.693156734108924866e-02
2.845495939254760742e-02
2.281533554196357727e-02
3.168106824159622192e-02
3.098620660603046417e-02
2.900594659149646759e-02
1.017366349697113037e-02
1.194752473384141922e-02
3.648206964135169983e-02
1.647599972784519196e-02
1.306145545095205307e-02
1.244400255382061005e-02
2.471802011132240295e-02
1.856577768921852112e-02
1.483112294226884842e-02
1.458186004310846329e-02
2.543184161186218262e-02
2.355093881487846375e-02
1.196996215730905533e-02
1.385717652738094330e-02
2.292897924780845642e-02
1.815480925142765045e-02
3.861235827207565308e-02
1.856202073395252228e-02
2.767356857657432556e-02
2.574041299521923065e-02
2.157543785870075226e-02
1.702283509075641632e-02
1.644086092710494995e-02
1.613310724496841431e-02
2.091620862483978271e-02
2.589061297476291656e-02
9.405894204974174500e-03
9.878376498818397522e-03
1.448882929980754852e-02
1.658251695334911346e-02
8.532436564564704895e-03
3.621649369597434998e-02
3.081738762557506561e-02
1.937404647469520569e-02
1.794132404029369354e-02
9.256539866328239441e-03
1.777679100632667542e-02
7.514003198593854904e-03
9.011042304337024689e-03
1.257651951164007187e-02
1.244054548442363739e-02
1.587461307644844055e-02
1.551081147044897079e-02
