1.407028175890445709e-02
3.688521310687065125e-02
4.107213392853736877e-02
1.699705980718135834e-02
1.918200962245464325e-02
1.800162531435489655e-02
2.165914513170719147e-02
4.634743928909301758e-02
2.613859996199607849e-02
9.509795345366001129e-03
2.798622660338878632e-02
1.844087243080139160e-02
2.919445745646953583e-02
1.778712868690490723e-02
2.258171699941158295e-02
2.975517883896827698e-02
1.598612032830715179e-02
5.162748694419860840e-02
2.776158601045608521e-02
2.673747949302196503e-02
3.715029731392860413e-02
1.653092354536056519e-02
2.287438698112964630e-02
3.548993542790412903e-02
2.858006767928600311e-02
1.527305692434310913e-02
1.885859668254852295e-02
5.481940135359764099e-02
1.578354649245738983e-02
1.347407326102256775e-02
1.474569737911224365e-02
2.092235349118709564e-02
2.012596465647220612e-02
1.946633309125900269e-02
1.304435916244983673e-02
4.203763976693153381e-02
1.510808244347572327e-02
1.896140724420547485e-02
2.205971628427505493e-02
4.143554344773292542e-02
1.447571162134408951e-02
1.000220049172639847e-02
1.657773926854133606e-02
3.433392941951751709e-02
1.773885451257228851e-02
1.688308455049991608e-02
3.013233840465545654e-02
4.262520745396614075e-02
1.910601556301116943e-02
7.495047524571418762e-03
4.803483560681343079e-02
1.404595933854579926e-02
3.477140888571739197e-02
3.458287939429283142e-02
1.404857449233531952e-02
5.397288501262664795e-02
3.771206736564636230e-02
3.071987628936767578e-02
1.153139863163232803e-02
1.440591551363468170e-02
2.519367448985576630e-02
2.332167886197566986e-02
2.188936807215213776e-02
1.445324998348951340e-02
4.362497851252555847e-02
2.228846214711666107e-02
1.593800075352191925e-02
1.271441020071506500e-02
2.432920038700103760e-02
1.576696336269378662e-02
2.280035614967346191e-02
1.633608341217041016e-02
2.709088474512100220e-02
2.051594667136669159e-02
3.426351770758628845e-02
1.588296890258789062e-02
2.762206830084323883e-02
2.888446673750877380e-02
2.377037890255451202e-02
3.693524003028869629e-02
3.556676581501960754e-02
2.554797753691673279e-02
1.296044234186410904e-02
2.108705230057239532e-02
3.163772448897361755e-02
4.204217717051506042e-02
1.834468916058540344e-02
1.994628645479679108e-02
6.035804376006126404e-02
2.889551781117916107e-02
1.962707191705703735e-02
1.948332600295543671e-02
1.418911106884479523e-02
3.944732621312141418e-02
1.417115703225135803e-02
2.755989320576190948e-02
1.988256908953189850e-02
1.792807504534721375e-02
3.903854265809059143e-02
2.113085053861141205e-02
2.823548018932342529e-02
1.979290135204792023e-02
2.055548690259456635e-02
1.985358819365501404e-02
3.791140019893646240e-02
2.350760623812675476e-02
2.545901946723461151e-02
2.364236675202846527e-02
1.350914034992456436e-02
2.539682947099208832e-02
2.942873910069465637e-02
1.450567878782749176e-02
2.654064074158668518e-02
3.745986521244049072e-02
2.061574906110763550e-02
1.284697931259870529e-02
1.638514734804630280e-02
2.271292917430400848e-02
2.317573130130767822e-02
2.727215550839900970e-02
3.706114366650581360e-02
2.699356339871883392e-02
1.979725807905197144e-02
4.517180472612380981e-02
1.553673017770051956e-02
2.842103317379951477e-02
3.370643034577369690e-02
3.715408593416213989e-02
2.729896269738674164e-02
5.581644549965858459e-02
1.590799167752265930e-02
1.890752278268337250e-02
2.506166882812976837e-02
8.093677461147308350e-02
1.781204529106616974e-02
2.078842930495738983e-02
2.169020660221576691e-02
4.517785832285881042e-02
2.337068505585193634e-02
2.877073548734188080e-02
3.758327662944793701e-02
2.003631740808486938e-02
1.851843856275081635e-02
4.517079144716262817e-02
1.612308621406555176e-02
4.494116827845573425e-02
2.253060415387153625e-02
2.215658314526081085e-02
2.074513025581836700e-02
2.570451609790325165e-02
3.026019409298896790e-02
1.149872411042451859e-02
2.457837387919425964e-02
2.356961742043495178e-02
1.400913391262292862e-02
1.808673515915870667e-02
5.184839293360710144e-02
4.099518060684204102e-02
2.036064118146896362e-02
1.850699074566364288e-02
3.593021631240844727e-02
1.769846118986606598e-02
2.623182907700538635e-02
1.728576421737670898e-02
4.529163613915443420e-02
4.453491419553756714e-02
2.602524310350418091e-02
3.816575929522514343e-02
5.218108370900154114e-02
3.206659108400344849e-02
4.064510017633438110e-02
4.874517023563385010e-02
1.399279478937387466e-02
3.130595013499259949e-02
1.970427669584751129e-02
2.563491091132164001e-02
4.413281381130218506e-02
3.667713701725006104e-02
4.687670245766639709e-02
3.029487282037734985e-02
2.615893259644508362e-02
3.443241119384765625e-02
3.388093039393424988e-02
2.900482900440692902e-02
2.885728143155574799e-02
3.292368352413177490e-02
1.603338867425918579e-02
3.118704445660114288e-02
5.008089169859886169e-02
2.090543694794178009e-02
1.342011708766222000e-02
1.205162610858678818e-02
3.460335358977317810e-02
4.218048229813575745e-02
4.562305659055709839e-02
2.246464416384696960e-02
2.691372856497764587e-02
4.989805072546005249e-02
2.591317705810070038e-02
3.166139125823974609e-02
