3.380129858851432800e-02
3.855044022202491760e-02
1.839492097496986389e-02
1.051185373216867447e-02
2.438526973128318787e-02
2.056253701448440552e-02
3.221177682280540466e-02
1.155630778521299362e-02
1.373190060257911682e-02
1.669644564390182495e-02
1.336656697094440460e-02
1.887067966163158417e-02
2.204647846519947052e-02
1.129441056400537491e-02
2.509918995201587677e-02
4.803718626499176025e-02
4.270367696881294250e-02
2.247162722051143646e-02
4.081742838025093079e-02
2.394646778702735901e-02
2.862621471285820007e-02
2.344542928040027618e-02
1.866732724010944366e-02
1.283383183181285858e-02
2.821426279842853546e-02
3.919462859630584717e-02
2.721734158694744110e-02
7.673193700611591339e-03
1.454082876443862915e-02
2.653952874243259430e-02
2.437425777316093445e-02
1.645099185407161713e-02
2.584424987435340881e-02
1.187951117753982544e-02
2.832119725644588470e-02
1.382206566631793976e-02
1.683151908218860626e-02
1.382821891456842422e-02
9.801500476896762848e-03
3.942597284913063049e-02
2.127162553369998932e-02
1.414025016129016876e-02
3.323950618505477905e-02
2.172460220754146576e-02
1.476848218590021133e-02
4.048287868499755859e-02
1.154865417629480362e-02
5.150797218084335327e-02
1.914699748158454895e-02
1.901339925825595856e-02
4.100451618432998657e-02
2.128211408853530884e-02
3.218679875135421753e-02
2.161513827741146088e-02
1.773286610841751099e-02
2.106944657862186432e-02
1.923887617886066437e-02
3.577028959989547729e-02
2.677752822637557983e-02
3.338517248630523682e-02
2.738395705819129944e-02
1.043135207146406174e-02
1.227093487977981567e-02
9.427620097994804382e-03
3.075416944921016693e-02
1.450612396001815796e-02
3.556957468390464783e-02
1.688104867935180664e-02
1.731033809483051300e-02
1.455262675881385803e-02
3.832968324422836304e-02
2.025317773222923279e-02
2.237328514456748962e-02
2.373735979199409485e-02
1.777108758687973022e-02
3.824489191174507141e-02
2.588559873402118683e-02
1.568818092346191406e-02
3.738828003406524658e-02
1.084818877279758453e-02
3.763861209154129028e-02
1.219887845218181610e-02
1.556823868304491043e-02
2.595136314630508423e-02
3.722279146313667297e-02
1.643993705511093140e-02
1.281580794602632523e-02
1.211503520607948303e-02
1.569109968841075897e-02
3.058062680065631866e-02
4.509029164910316467e-02
1.432859525084495544e-02
1.853694021701812744e-02
1.682198978960514069e-02
3.604110330343246460e-02
3.116772510111331940e-02
1.256667450070381165e-02
1.487637404352426529e-02
1.820933632552623749e-02
2.449626848101615906e-02
8.853907696902751923e-03
2.772649191319942474e-02
1.930341124534606934e-02
1.265149004757404327e-02
1.204047165811061859e-02
1.681174896657466888e-02
2.334167249500751495e-02
1.207531243562698364e-02
1.948725245893001556e-02
2.596081607043743134e-02
1.467171125113964081e-02
2.405463531613349915e-02
1.588381640613079071e-02
5.471146479249000549e-02
3.152813389897346497e-02
2.586023882031440735e-02
3.458187729120254517e-02
3.089550510048866272e-02
2.408690750598907471e-02
3.624055162072181702e-02
1.570814102888107300e-02
4.396154358983039856e-02
2.249067276716232300e-02
2.354116924107074738e-02
1.402790006250143051e-02
3.117700852453708649e-02
1.044337917119264603e-02
3.801696375012397766e-02
2.004815638065338135e-02
2.054913528263568878e-02
3.275262564420700073e-02
1.970185898244380951e-02
2.794401720166206360e-02
1.933505199849605560e-02
4.571247100830078125e-02
3.946612402796745300e-02
2.701373584568500519e-02
1.875586062669754028e-02
2.083702944219112396e-02
1.555658504366874695e-02
6.555882841348648071e-02
3.474335372447967529e-02
1.633944548666477203e-02
2.274498343467712402e-02
1.967207156121730804e-02
1.755790039896965027e-02
2.505738660693168640e-02
2.836727350950241089e-02
2.511916309595108032e-02
1.661861687898635864e-02
1.365547534078359604e-02
2.729864604771137238e-02
3.277973830699920654e-02
2.313961647450923920e-02
3.728365898132324219e-02
2.049256302416324615e-02
2.383648231625556946e-02
1.337642688304185867e-02
2.200735732913017273e-02
1.968193985521793365e-02
3.113858774304389954e-02
1.439305394887924194e-02
1.714766956865787506e-02
3.418058529496192932e-02
4.220459610223770142e-02
1.612563803791999817e-02
3.820133209228515625e-02
2.515514381229877472e-02
2.107235416769981384e-02
2.263118885457515717e-02
1.815383136272430420e-02
4.418879747390747070e-02
3.383712843060493469e-02
3.709856420755386353e-02
1.388862170279026031e-02
1.958177983760833740e-02
1.538842171430587769e-02
3.301762789487838745e-02
1.394657045602798462e-02
2.369257621467113495e-02
2.413779310882091522e-02
2.069962769746780396e-02
3.094551526010036469e-02
1.503787841647863388e-02
2.675278112292289734e-02
3.377241268754005432e-02
1.831168122589588165e-02
1.196481473743915558e-02
2.882241271436214447e-02
1.238607708364725113e-02
1.379268802702426910e-02
1.322831958532333374e-02
1.845788396894931793e-02
2.226797491312026978e-02
1.987632550299167633e-02
3.777275606989860535e-02
1.642245054244995117e-02
2.377229183912277222e-02
4.003512486815452576e-02
1.628467626869678497e-02
