9.345429018139839172e-03
2.209652960300445557e-02
2.200901694595813751e-02
1.216164976358413696e-02
1.886872015893459320e-02
1.076327636837959290e-02
2.554118447005748749e-02
1.267000380903482437e-02
1.191464252769947052e-02
1.973827742040157318e-02
1.075599994510412216e-02
3.122162260115146637e-02
2.016813308000564575e-02
7.811113260686397552e-03
1.491674780845642090e-02
1.654829643666744232e-02
1.031575631350278854e-02
1.005911733955144882e-02
1.400528103113174438e-02
1.312930323183536530e-02
1.212006434798240662e-02
2.720376104116439819e-02
1.645695604383945465e-02
9.025841020047664642e-03
1.919954456388950348e-02
1.721238531172275543e-02
1.807977631688117981e-02
1.080352533608675003e-02
7.060209289193153381e-03
1.592556200921535492e-02
9.722461923956871033e-03
2.335291728377342224e-02
1.830463297665119171e-02
1.466570422053337097e-02
9.497039951384067535e-03
8.604547008872032166e-03
6.562025751918554306e-03
1.004553213715553284e-02
7.466641720384359360e-03
1.343221683055162430e-02
2.975703775882720947e-02
9.856970980763435364e-03
2.745717577636241913e-02
1.853186823427677155e-02
5.433834157884120941e-03
2.459228411316871643e-02
1.640295423567295074e-02
3.591040521860122681e-02
1.758299209177494049e-02
1.444194465875625610e-02
1.214896049350500107e-02
7.752636913210153580e-03
1.505480054765939713e-02
7.680088281631469727e-03
2.813811786472797394e-02
9.967534802854061127e-03
8.781730197370052338e-03
3.377857059240341187e-02
1.509929634630680084e-02
2.222719602286815643e-02
2.391710691154003143e-02
2.776202745735645294e-02
1.243923325091600418e-02
1.144950557500123978e-02
1.364600192755460739e-02
6.767924409359693527e-03
2.761169150471687317e-02
1.417643576860427856e-02
2.607653103768825531e-02
1.320704631507396698e-02
1.388861332088708878e-02
3.448937460780143738e-02
7.289590314030647278e-03
1.043789926916360855e-02
8.488238789141178131e-03
2.679275348782539368e-02
1.986061222851276398e-02
1.680226437747478485e-02
2.116285637021064758e-02
1.530013326555490494e-02
4.020170122385025024e-02
8.846497163176536560e-03
1.991564966738224030e-02
9.221809916198253632e-03
1.798486337065696716e-02
1.218860875815153122e-02
1.185338664799928665e-02
8.709447458386421204e-03
1.565843634307384491e-02
1.527756359428167343e-02
2.270331047475337982e-02
1.390745770186185837e-02
1.331239473074674606e-02
1.108954567462205887e-02
1.044484134763479233e-02
1.166210882365703583e-02
1.539082545787096024e-02
3.426821529865264893e-02
1.543510332703590393e-02
2.313664369285106659e-02
1.464888826012611389e-02
2.887153625488281250e-02
1.177909504622220993e-02
1.248234696686267853e-02
9.555626660585403442e-03
6.347989197820425034e-03
1.525930594652891159e-02
5.317256972193717957e-02
9.920622222125530243e-03
1.438855100423097610e-02
1.794026419520378113e-02
1.818408630788326263e-02
1.579645834863185883e-02
9.736851789057254791e-03
1.996161043643951416e-02
8.999123238027095795e-03
8.774855174124240875e-03
2.542485482990741730e-02
1.681708917021751404e-02
9.082235395908355713e-03
3.091672249138355255e-02
1.560455467551946640e-02
1.531875599175691605e-02
1.806333847343921661e-02
1.578098535537719727e-02
2.176123298704624176e-02
3.129701316356658936e-02
1.181343290954828262e-02
2.567184157669544220e-02
1.330574601888656616e-02
8.396387100219726562e-03
1.148079615086317062e-02
2.367070317268371582e-02
1.620125025510787964e-02
1.355423312634229660e-02
1.623431779444217682e-02
2.504057064652442932e-02
1.121104136109352112e-02
7.472610101103782654e-03
1.871045492589473724e-02
1.259696669876575470e-02
1.065090112388134003e-02
1.869565062224864960e-02
3.233295679092407227e-02
1.239667367190122604e-02
2.635671384632587433e-02
1.357261277735233307e-02
1.724085770547389984e-02
9.741111658513545990e-03
1.191981043666601181e-02
1.229040510952472687e-02
8.120663464069366455e-03
1.853928714990615845e-02
8.647442795336246490e-03
1.796833612024784088e-02
1.296468731015920639e-02
3.082046285271644592e-02
1.744846813380718231e-02
1.636061444878578186e-02
2.875008992850780487e-02
7.327969651669263840e-03
1.574570126831531525e-02
2.024992555379867554e-02
1.354339998215436935e-02
2.485513500869274139e-02
1.474828738719224930e-02
1.223208848387002945e-02
2.578618749976158142e-02
3.179808333516120911e-02
2.205451019108295441e-02
2.549567818641662598e-02
2.526601590216159821e-02
9.674021974205970764e-03
2.118423581123352051e-02
1.631694100797176361e-02
3.004137799143791199e-02
1.097952481359243393e-02
1.092522218823432922e-02
1.216644607484340668e-02
9.028748609125614166e-03
2.664530649781227112e-02
1.125229150056838989e-02
2.027826197445392609e-02
1.763494499027729034e-02
1.550102420151233673e-02
1.144723780453205109e-02
1.541820075362920761e-02
1.790249161422252655e-02
8.254476822912693024e-03
2.116477116942405701e-02
1.710899360477924347e-02
3.239468112587928772e-02
2.483962662518024445e-02
1.988238841295242310e-02
1.434962637722492218e-02
1.045097131282091141e-02
1.387560833245515823e-02
8.324704132974147797e-03
2.677464671432971954e-02
1.709419675171375275e-02
