1.796116866171360016e-02
1.487756799906492233e-02
1.256803236901760101e-02
1.398389879614114761e-02
1.008262857794761658e-02
2.011303976178169250e-02
2.360326424241065979e-02
2.604223601520061493e-02
1.134208869189023972e-02
1.388427242636680603e-02
1.225798390805721283e-02
2.098986878991127014e-02
1.927955634891986847e-02
2.487548440694808960e-02
3.041762858629226685e-02
1.814327389001846313e-02
8.352675475180149078e-03
2.464392967522144318e-02
1.256109308451414108e-02
2.244094386696815491e-02
1.785306818783283234e-02
2.068416588008403778e-02
1.591918244957923889e-02
2.450543828308582306e-02
7.215244695544242859e-03
1.841956190764904022e-02
1.114402618259191513e-02
1.462329179048538208e-02
2.311194874346256256e-02
1.904176920652389526e-02
1.001376751810312271e-02
9.494174271821975708e-03
8.680348284542560577e-03
1.696458086371421814e-02
2.667916379868984222e-02
2.558734640479087830e-02
1.229747943580150604e-02
1.761412620544433594e-02
1.673893444240093231e-02
1.793199032545089722e-02
2.874354459345340729e-02
1.186034642159938812e-02
3.179167956113815308e-02
1.138648949563503265e-02
1.218977198004722595e-02
1.987023092806339264e-02
3.491494432091712952e-02
2.190457470715045929e-02
2.545392327010631561e-02
2.982191741466522217e-02
9.094958193600177765e-03
1.264162547886371613e-02
2.411779016256332397e-02
1.984076574444770813e-02
8.063908666372299194e-03
1.204708218574523926e-02
1.399256940931081772e-02
1.100347843021154404e-02
1.725410111248493195e-02
1.132781337946653366e-02
2.852722443640232086e-02
1.781185716390609741e-02
9.602475911378860474e-03
1.517945248633623123e-02
1.186386123299598694e-02
1.472922321408987045e-02
1.474948972463607788e-02
1.752513833343982697e-02
1.073905453085899353e-02
1.619594357907772064e-02
1.843288354575634003e-02
1.882666349411010742e-02
1.549823302775621414e-02
2.449343912303447723e-02
1.097927521914243698e-02
2.066111937165260315e-02
3.617297112941741943e-02
8.437419310212135315e-03
2.264520153403282166e-02
1.164113357663154602e-02
1.210320182144641876e-02
1.922816224396228790e-02
1.246314682066440582e-02
3.074470348656177521e-02
1.885065063834190369e-02
2.948115952312946320e-02
1.294373814016580582e-02
2.587155066430568695e-02
2.500730007886886597e-02
1.148267742246389389e-02
1.682325266301631927e-02
1.050118263810873032e-02
1.802968233823776245e-02
4.098900780081748962e-02
3.272509202361106873e-02
2.093843184411525726e-02
1.046842709183692932e-02
1.180177181959152222e-02
1.101693417876958847e-02
1.477991230785846710e-02
1.306064240634441376e-02
2.058974280953407288e-02
2.369261719286441803e-02
3.099169768393039703e-02
6.022913381457328796e-03
1.384057756513357162e-02
4.213590547442436218e-02
1.384653430432081223e-02
1.923843659460544586e-02
1.606741175055503845e-02
1.270867977291345596e-02
1.555657573044300079e-02
4.161962866783142090e-02
1.435597799718379974e-02
9.831641800701618195e-03
2.419015020132064819e-02
2.843620441854000092e-02
1.933822967112064362e-02
2.115469984710216522e-02
1.215973682701587677e-02
9.906632825732231140e-03
1.611407659947872162e-02
2.798337489366531372e-02
3.568525239825248718e-02
1.198484841734170914e-02
2.109451591968536377e-02
3.650988638401031494e-02
3.304609283804893494e-02
2.345195785164833069e-02
1.618063636124134064e-02
3.073281235992908478e-02
1.476262323558330536e-02
8.977377787232398987e-03
1.058776676654815674e-02
8.578879758715629578e-03
2.445998974144458771e-02
8.209242485463619232e-03
1.583864539861679077e-02
1.052669435739517212e-02
2.729439735412597656e-02
2.732421457767486572e-02
1.434763707220554352e-02
9.157904423773288727e-03
1.532208546996116638e-02
1.219332590699195862e-02
1.981983520090579987e-02
3.343252092599868774e-02
1.097008399665355682e-02
3.856769576668739319e-02
1.527381967753171921e-02
2.819540165364742279e-02
1.949117518961429596e-02
1.246505230665206909e-02
2.241732366383075714e-02
2.732072398066520691e-02
1.401541661471128464e-02
2.653679624199867249e-02
4.734121263027191162e-02
1.611078530550003052e-02
2.759855240583419800e-02
3.213172778487205505e-02
1.677861623466014862e-02
2.409231662750244141e-02
1.947048865258693695e-02
2.540709264576435089e-02
2.987559698522090912e-02
1.111443154513835907e-02
1.466956268996000290e-02
2.062441222369670868e-02
1.940781809389591217e-02
9.009840898215770721e-03
1.021878141909837723e-02
2.139519900083541870e-02
2.052920684218406677e-02
3.613785281777381897e-02
1.020080689340829849e-02
1.099869050085544586e-02
1.838085427880287170e-02
3.273146599531173706e-02
4.511638358235359192e-02
1.323030516505241394e-02
9.988586418330669403e-03
1.167773921042680740e-02
9.310905821621417999e-03
1.419625710695981979e-02
3.885303437709808350e-02
1.615548320114612579e-02
2.060727402567863464e-02
2.465198375284671783e-02
1.669010147452354431e-02
1.236063055694103241e-02
1.086221914738416672e-02
1.036797743290662766e-02
3.770359978079795837e-02
1.457011513411998749e-02
1.915236189961433411e-02
1.783972606062889099e-02
1.098210085183382034e-02
3.897040709853172302e-02
1.425637304782867432e-02
