1.428934186697006226e-02
2.569086290895938873e-02
1.128122676163911819e-02
2.050342224538326263e-02
1.332108769565820694e-02
6.952199153602123260e-03
1.089992932975292206e-02
1.603075675666332245e-02
1.247956044971942902e-02
2.136888541281223297e-02
9.528134949505329132e-03
2.100770920515060425e-02
8.743152022361755371e-03
1.252403762191534042e-02
4.747732728719711304e-02
9.145010262727737427e-03
2.015817351639270782e-02
1.209075096994638443e-02
1.152764633297920227e-02
3.009652718901634216e-02
2.807956747710704803e-02
1.277075428515672684e-02
9.911409579217433929e-03
1.982437074184417725e-02
4.533511400222778320e-02
1.865263096988201141e-02
3.290795907378196716e-02
2.205322496592998505e-02
8.838613517582416534e-03
3.554889187216758728e-02
1.789776235818862915e-02
2.418895065784454346e-02
1.947851106524467468e-02
1.701729558408260345e-02
1.646472327411174774e-02
1.745032519102096558e-02
2.556181885302066803e-02
1.543340552598237991e-02
1.027231477200984955e-02
3.479640185832977295e-02
1.299611385911703110e-02
1.778561808168888092e-02
2.513244561851024628e-02
1.456631347537040710e-02
2.675183489918708801e-02
2.174514159560203552e-02
1.567427627742290497e-02
1.059608813375234604e-02
1.405718922615051270e-02
2.774265035986900330e-02
3.068047575652599335e-02
3.303589671850204468e-02
1.476366352289915085e-02
1.311692222952842712e-02
2.016125805675983429e-02
1.874669082462787628e-02
1.324678957462310791e-02
1.109760161489248276e-02
2.045573294162750244e-02
1.492228079587221146e-02
8.882824331521987915e-03
1.770521141588687897e-02
1.313158776611089706e-02
1.074894145131111145e-02
1.627208851277828217e-02
2.083573676645755768e-02
9.149611927568912506e-03
3.574816882610321045e-02
1.003171969205141068e-02
1.376670598983764648e-02
3.697659820318222046e-02
2.687504142522811890e-02
9.854347445070743561e-03
1.379780471324920654e-02
1.545280870050191879e-02
1.449665892869234085e-02
2.490286715328693390e-02
9.603928774595260620e-03
2.667098306119441986e-02
1.460385788232088089e-02
1.805432885885238647e-02
1.686458103358745575e-02
4.306481778621673584e-02
1.966663263738155365e-02
2.706130966544151306e-02
1.008667796850204468e-02
1.681211777031421661e-02
6.921157706528902054e-03
1.827157661318778992e-02
2.465946227312088013e-02
1.125773414969444275e-02
2.114974148571491241e-02
2.984612807631492615e-02
1.453729066997766495e-02
7.281063124537467957e-03
1.492586266249418259e-02
1.112099643796682358e-02
1.265022903680801392e-02
2.481245808303356171e-02
3.204639628529548645e-02
1.867790333926677704e-02
1.249070186167955399e-02
3.280873596668243408e-02
2.513076551258563995e-02
1.574755646288394928e-02
2.051581628620624542e-02
3.786066547036170959e-02
2.635187096893787384e-02
1.615779846906661987e-02
3.087868168950080872e-02
9.556064382195472717e-03
2.721302956342697144e-02
2.621713280677795410e-02
3.274024650454521179e-02
9.903992526233196259e-03
1.430746819823980331e-02
1.299765892326831818e-02
8.309190161526203156e-03
9.201587177813053131e-03
2.541836351156234741e-02
2.910747379064559937e-02
1.313663180917501450e-02
1.801217533648014069e-02
2.302088029682636261e-02
1.583013124763965607e-02
2.111261896789073944e-02
3.422196581959724426e-02
1.307905279099941254e-02
1.280214171856641769e-02
1.386539638042449951e-02
1.641061715781688690e-02
1.157042011618614197e-02
1.054337434470653534e-02
1.048550475388765335e-02
1.949998550117015839e-02
1.509444974362850189e-02
1.541356462985277176e-02
2.091523818671703339e-02
2.659655921161174774e-02
2.068865858018398285e-02
2.280713245272636414e-02
3.366733714938163757e-02
1.517362613230943680e-02
1.208599377423524857e-02
2.847715280950069427e-02
2.181503549218177795e-02
8.598405867815017700e-03
9.892968460917472839e-03
1.461856719106435776e-02
1.080389413982629776e-02
6.239710841327905655e-03
1.071167457848787308e-02
3.236932307481765747e-02
1.432905998080968857e-02
2.378025278449058533e-02
1.309800799936056137e-02
1.191538106650114059e-02
2.105791494250297546e-02
1.658830419182777405e-02
2.110090292990207672e-02
1.451647374778985977e-02
3.360401093959808350e-02
2.811509184539318085e-02
1.536343153566122055e-02
2.096698805689811707e-02
1.105793286114931107e-02
1.105782575905323029e-02
3.406156972050666809e-02
3.347766399383544922e-02
3.096507862210273743e-02
1.870261691510677338e-02
1.263154298067092896e-02
2.408226951956748962e-02
2.238943986594676971e-02
2.221204154193401337e-02
2.351115830242633820e-02
1.223991438746452332e-02
1.433059666305780411e-02
1.245560776442289352e-02
2.853033319115638733e-02
1.920308917760848999e-02
2.278272062540054321e-02
1.811526529490947723e-02
1.955423131585121155e-02
2.020727097988128662e-02
1.849162019789218903e-02
1.863553747534751892e-02
3.173447027802467346e-02
2.128847874701023102e-02
1.368411071598529816e-02
1.395568344742059708e-02
2.106639184057712555e-02
1.164720766246318817e-02
1.652362942695617676e-02
1.962647214531898499e-02
1.034282147884368896e-02
1.726634614169597626e-02
1.272660773247480392e-02
9.586388245224952698e-03
2.348306216299533844e-02
