2.803778648376464844e-02
5.792517215013504028e-02
6.983862817287445068e-02
1.809956133365631104e-02
4.470197856426239014e-02
5.834901705384254456e-02
5.460120365023612976e-02
5.959394946694374084e-02
4.048035293817520142e-02
3.185106813907623291e-02
3.095694445073604584e-02
5.426634103059768677e-02
4.495165869593620300e-02
4.628222808241844177e-02
3.460831940174102783e-02
2.359890192747116089e-02
2.844151668250560760e-02
7.207273691892623901e-02
3.127849847078323364e-02
2.511287294328212738e-02
4.126305505633354187e-02
3.220744058489799500e-02
1.944079063832759857e-02
4.969017207622528076e-02
4.397485777735710144e-02
3.896831348538398743e-02
3.424331545829772949e-02
1.957189477980136871e-02
4.165351763367652893e-02
3.384810313582420349e-02
2.552768960595130920e-02
7.486901432275772095e-02
2.545874938368797302e-02
2.283258922398090363e-02
2.517051622271537781e-02
6.285252422094345093e-02
2.042378112673759460e-02
3.817910701036453247e-02
2.020840719342231750e-02
1.211648732423782349e-01
6.841512769460678101e-02
5.691188946366310120e-02
3.226268664002418518e-02
6.709865480661392212e-02
4.669373854994773865e-02
2.268938533961772919e-02
3.482859209179878235e-02
8.028112351894378662e-02
5.629778280854225159e-02
6.049119681119918823e-02
4.425729438662528992e-02
4.188070073723793030e-02
2.737455442547798157e-02
8.287829160690307617e-02
4.604116082191467285e-02
4.547038674354553223e-02
4.980372264981269836e-02
6.545265018939971924e-02
3.355679661035537720e-02
1.281286478042602539e-01
1.301803439855575562e-01
4.125830903649330139e-02
5.771855637431144714e-02
3.650785982608795166e-02
4.957212507724761963e-02
3.545890748500823975e-02
3.230617195367813110e-02
4.864149168133735657e-02
3.302407860755920410e-01
1.214543655514717102e-01
1.252115070819854736e-01
5.689457058906555176e-02
1.089806780219078064e-01
6.905673444271087646e-02
4.675093293190002441e-02
5.708736926317214966e-02
9.527557343244552612e-02
6.446801871061325073e-02
2.840254902839660645e-01
9.972243010997772217e-02
4.067368060350418091e-02
8.063748478889465332e-02
6.382613629102706909e-02
1.369108557701110840e-01
7.443967461585998535e-02
6.074006110429763794e-02
1.625681221485137939e-01
6.190403178334236145e-02
3.291442617774009705e-02
6.559829413890838623e-02
1.076894029974937439e-01
6.165063753724098206e-02
7.107096910476684570e-02
5.355166271328926086e-02
6.766565144062042236e-02
6.058156117796897888e-02
7.025928795337677002e-02
1.067782044410705566e-01
5.151456221938133240e-02
1.942111402750015259e-01
1.356954127550125122e-01
5.027162283658981323e-02
1.788781434297561646e-01
6.937111169099807739e-02
1.333429068326950073e-01
1.011737734079360962e-01
3.909936174750328064e-02
5.469093099236488342e-02
8.341601490974426270e-02
5.928021669387817383e-02
7.424852252006530762e-02
1.213335394859313965e-01
8.764781057834625244e-02
6.971038132905960083e-02
4.369249194860458374e-02
4.780966416001319885e-02
6.582688540220260620e-02
6.241180747747421265e-02
4.507710039615631104e-02
3.803784772753715515e-02
4.160790890455245972e-02
5.191561207175254822e-02
8.289331942796707153e-02
3.049253672361373901e-02
3.980708494782447815e-02
4.352591559290885925e-02
8.851157128810882568e-02
5.133197456598281860e-02
2.321009337902069092e-02
6.034259870648384094e-02
3.170291706919670105e-02
3.189561516046524048e-02
7.492130994796752930e-02
3.092329949140548706e-02
1.091720983386039734e-01
6.726028025150299072e-02
2.819421514868736267e-02
3.117797151207923889e-02
3.116506524384021759e-02
3.191768750548362732e-02
6.231625750660896301e-02
7.625245302915573120e-02
6.151908263564109802e-02
5.579181388020515442e-02
5.374084040522575378e-02
4.642175883054733276e-02
3.988901898264884949e-02
4.487833008170127869e-02
5.032812058925628662e-02
5.118984729051589966e-02
3.885347023606300354e-02
4.987142235040664673e-02
7.098169624805450439e-02
8.490735292434692383e-02
6.690181791782379150e-02
3.649228438735008240e-02
3.849777951836585999e-02
5.518166720867156982e-02
3.373169898986816406e-02
4.786877706646919250e-02
4.509927332401275635e-02
4.693092405796051025e-02
2.393327094614505768e-02
2.779022045433521271e-02
8.181718736886978149e-02
2.402199245989322662e-02
4.736338183283805847e-02
3.021683543920516968e-02
3.519843518733978271e-02
3.553174436092376709e-02
2.580887824296951294e-02
4.942211881279945374e-02
9.328254312276840210e-02
2.959863096475601196e-02
2.797788567841053009e-02
2.139915339648723602e-02
4.055917635560035706e-02
8.554869890213012695e-02
4.878147318959236145e-02
3.962445631623268127e-02
3.668695315718650818e-02
4.932326450943946838e-02
4.895085841417312622e-02
5.094761401414871216e-02
4.498191177845001221e-02
4.165720567107200623e-02
1.162860989570617676e-01
3.573875129222869873e-02
4.676129296422004700e-02
7.774291187524795532e-02
6.429316103458404541e-02
6.307279318571090698e-02
4.889592528343200684e-02
6.104472652077674866e-02
2.289563044905662537e-02
3.038011677563190460e-02
5.163072049617767334e-02
5.884979665279388428e-02
2.937504835426807404e-02
3.315870463848114014e-02
