4.312081262469291687e-02
6.785308569669723511e-02
3.300042077898979187e-02
7.597717642784118652e-02
5.746698006987571716e-02
4.104688018560409546e-02
1.237890273332595825e-01
2.550958096981048584e-02
3.578914329409599304e-02
2.722913213074207306e-02
5.152250081300735474e-02
4.475337639451026917e-02
6.202891096472740173e-02
8.197224140167236328e-02
2.651435695588588715e-02
5.522360652685165405e-02
7.521640509366989136e-02
2.994478121399879456e-02
5.953984335064888000e-02
4.492223635315895081e-02
1.136968135833740234e-01
6.252248585224151611e-02
3.429803997278213501e-02
6.799305975437164307e-02
2.771467156708240509e-02
3.452858328819274902e-02
8.096048980951309204e-02
4.395922645926475525e-02
5.035980790853500366e-02
5.915029719471931458e-02
3.242845833301544189e-02
4.387359693646430969e-02
5.324139073491096497e-02
4.054574295878410339e-02
4.277759045362472534e-02
7.265035063028335571e-02
3.425087779760360718e-02
7.097555696964263916e-02
4.889991134405136108e-02
3.336197882890701294e-02
3.680945560336112976e-02
5.257619172334671021e-02
3.633474931120872498e-02
4.770828410983085632e-02
1.096206381916999817e-01
5.428873747587203979e-02
3.834288194775581360e-02
2.570432238280773163e-02
4.455447942018508911e-02
7.889675348997116089e-02
3.235228732228279114e-02
5.013231188058853149e-02
9.218988567590713501e-02
3.163781762123107910e-02
5.363395810127258301e-02
8.272517472505569458e-02
2.757227793335914612e-02
4.725141078233718872e-02
6.322775781154632568e-02
3.137394785881042480e-02
2.468547970056533813e-02
3.504112362861633301e-02
6.905304640531539917e-02
2.454468980431556702e-02
6.857591122388839722e-02
3.713930025696754456e-02
1.607917621731758118e-02
4.387338086962699890e-02
2.555046044290065765e-02
4.917266592383384705e-02
5.645256489515304565e-02
5.882173404097557068e-02
7.170700281858444214e-02
3.932539001107215881e-02
4.231025278568267822e-02
4.958296939730644226e-02
4.973929375410079956e-02
4.758083075284957886e-02
5.742850899696350098e-02
4.380336776375770569e-02
5.611280724406242371e-02
5.372710153460502625e-02
3.142312169075012207e-02
4.227547347545623779e-02
3.149478882551193237e-02
4.919808357954025269e-02
4.723253101110458374e-02
3.117986768484115601e-02
5.609204992651939392e-02
4.891946539282798767e-02
2.527427859604358673e-02
4.205675795674324036e-02
1.024091318249702454e-01
2.654789760708808899e-02
4.218745604157447815e-02
4.315635561943054199e-02
2.898542582988739014e-02
4.325575381517410278e-02
3.290032595396041870e-02
3.122203797101974487e-02
3.251656517386436462e-02
3.915664553642272949e-02
3.822893649339675903e-02
8.969126641750335693e-02
4.102823138236999512e-02
6.970668584108352661e-02
3.376671299338340759e-02
3.007151372730731964e-02
2.944874577224254608e-02
3.004498407244682312e-02
8.399654179811477661e-02
2.621469646692276001e-02
8.962479978799819946e-02
8.989167958498001099e-02
3.413128480315208435e-02
4.251956567168235779e-02
6.389320641756057739e-02
6.875246018171310425e-02
5.489312857389450073e-02
2.384482696652412415e-02
1.928513310849666595e-02
6.280034780502319336e-02
3.146591037511825562e-02
5.426618456840515137e-02
2.915858849883079529e-02
3.260370716452598572e-02
4.766990616917610168e-02
6.601372361183166504e-02
4.783290252089500427e-02
2.498506382107734680e-02
8.114148676395416260e-02
3.814385086297988892e-02
5.684443935751914978e-02
3.427188098430633545e-02
5.494089052081108093e-02
2.199309878051280975e-02
3.713533282279968262e-02
4.293509945273399353e-02
2.956295199692249298e-02
3.499478846788406372e-02
3.280341252684593201e-02
4.902837425470352173e-02
3.948115557432174683e-02
4.817093908786773682e-02
9.801219403743743896e-02
4.355560243129730225e-02
2.278617955744266510e-02
3.860481455922126770e-02
2.597859315574169159e-02
2.239147759974002838e-02
4.270898923277854919e-02
2.744277380406856537e-02
2.564904838800430298e-02
1.994338817894458771e-02
4.778081923723220825e-02
1.032456904649734497e-01
3.754376992583274841e-02
2.890502102673053741e-02
3.029208257794380188e-02
7.092700153589248657e-02
5.634703114628791809e-02
5.448155850172042847e-02
2.477123029530048370e-02
2.264751307666301727e-02
4.009593278169631958e-02
4.267835244536399841e-02
2.461112476885318756e-02
3.524914011359214783e-02
6.895186007022857666e-02
2.390924841165542603e-02
5.157474055886268616e-02
3.352062031626701355e-02
5.428781360387802124e-02
3.803747892379760742e-02
3.430574387311935425e-02
3.417300060391426086e-02
5.068682134151458740e-02
5.278888344764709473e-02
1.861330308020114899e-02
3.199191763997077942e-02
4.037499055266380310e-02
4.202992841601371765e-02
5.865779146552085876e-02
2.628013119101524353e-02
1.213821545243263245e-01
2.631189674139022827e-02
2.216832526028156281e-02
5.114051327109336853e-02
3.074705600738525391e-02
4.718036577105522156e-02
4.206499084830284119e-02
5.087778344750404358e-02
3.495927900075912476e-02
2.358367666602134705e-02
6.758572906255722046e-02
3.432293981313705444e-02
3.062645532190799713e-02
5.477696657180786133e-02
7.396204024553298950e-02
6.730686128139495850e-02
