1.000000000000000000e+00
9.817050695419311523e-01
9.770696163177490234e-01
9.601135253906250000e-01
9.521922469139099121e-01
9.271237254142761230e-01
9.317841529846191406e-01
9.005326032638549805e-01
8.968946337699890137e-01
9.406673908233642578e-01
1.000000000000000000e+00
1.000000000000000000e+00
9.922642707824707031e-01
9.700617194175720215e-01
9.663295745849609375e-01
9.433111548423767090e-01
9.484466910362243652e-01
9.399804472923278809e-01
1.000000000000000000e+00
1.000000000000000000e+00
9.841772913932800293e-01
9.549240469932556152e-01
9.125316143035888672e-01
9.167149066925048828e-01
8.491758704185485840e-01
8.267116546630859375e-01
8.987085819244384766e-01
1.000000000000000000e+00
1.000000000000000000e+00
1.000000000000000000e+00
1.000000000000000000e+00
1.000000000000000000e+00
1.000000000000000000e+00
1.000000000000000000e+00
9.845495223999023438e-01
9.804568290710449219e-01
9.602475166320800781e-01
9.613658785820007324e-01
9.701883196830749512e-01
9.771566390991210938e-01
9.815953969955444336e-01
9.940570592880249023e-01
1.000000000000000000e+00
1.000000000000000000e+00
9.845191240310668945e-01
9.646593928337097168e-01
9.439527988433837891e-01
9.243618249893188477e-01
8.990907669067382812e-01
8.728883266448974609e-01
8.450894355773925781e-01
8.246023058891296387e-01
8.126740455627441406e-01
8.088927268981933594e-01
8.874604105949401855e-01
1.000000000000000000e+00
1.000000000000000000e+00
1.000000000000000000e+00
8.721327185630798340e-01
8.279463648796081543e-01
8.294987678527832031e-01
8.341540694236755371e-01
8.331844210624694824e-01
8.424391746520996094e-01
8.897699117660522461e-01
8.802615404129028320e-01
9.645808935165405273e-01
1.000000000000000000e+00
1.000000000000000000e+00
1.000000000000000000e+00
9.961671829223632812e-01
9.884244203567504883e-01
9.772164821624755859e-01
9.685885906219482422e-01
9.559557437896728516e-01
9.384171962738037109e-01
9.081594347953796387e-01
8.739642500877380371e-01
8.610858917236328125e-01
8.698045611381530762e-01
8.772110342979431152e-01
1.000000000000000000e+00
1.000000000000000000e+00
1.000000000000000000e+00
9.010030627250671387e-01
8.959203958511352539e-01
8.975100517272949219e-01
8.979858756065368652e-01
9.034883379936218262e-01
9.145694971084594727e-01
9.312824606895446777e-01
9.658471941947937012e-01
1.000000000000000000e+00
1.000000000000000000e+00
9.462918043136596680e-01
9.294371604919433594e-01
8.963105678558349609e-01
8.676196336746215820e-01
8.318519592285156250e-01
8.003486394882202148e-01
7.850362658500671387e-01
7.754968404769897461e-01
7.550598978996276855e-01
7.610308527946472168e-01
7.797192931175231934e-01
1.000000000000000000e+00
1.000000000000000000e+00
1.000000000000000000e+00
1.000000000000000000e+00
1.000000000000000000e+00
8.545843362808227539e-01
7.674273848533630371e-01
7.599409818649291992e-01
7.625508308410644531e-01
9.310969710350036621e-01
8.281723260879516602e-01
8.818969726562500000e-01
9.626497626304626465e-01
1.000000000000000000e+00
9.519022703170776367e-01
9.581105709075927734e-01
8.733904361724853516e-01
8.027058839797973633e-01
8.761364221572875977e-01
8.045502901077270508e-01
8.213803768157958984e-01
8.381700515747070312e-01
1.000000000000000000e+00
9.710955619812011719e-01
9.364571571350097656e-01
8.904618620872497559e-01
8.827842473983764648e-01
8.188699483871459961e-01
8.072540163993835449e-01
7.687733173370361328e-01
8.784033060073852539e-01
1.000000000000000000e+00
1.000000000000000000e+00
1.000000000000000000e+00
1.000000000000000000e+00
9.492868781089782715e-01
8.902645111083984375e-01
8.768364787101745605e-01
8.279712200164794922e-01
7.471883296966552734e-01
9.639478921890258789e-01
9.999999403953552246e-01
1.000000000000000000e+00
1.000000000000000000e+00
9.615966081619262695e-01
9.076484441757202148e-01
8.504128456115722656e-01
7.543756365776062012e-01
8.348035812377929688e-01
7.436276674270629883e-01
7.986483573913574219e-01
1.000000000000000000e+00
1.000000000000000000e+00
1.000000000000000000e+00
1.000000000000000000e+00
1.000000000000000000e+00
1.000000000000000000e+00
9.233266115188598633e-01
8.587079048156738281e-01
7.699493169784545898e-01
7.531324625015258789e-01
7.088059782981872559e-01
6.336888074874877930e-01
7.312132120132446289e-01
1.000000000000000000e+00
1.000000000000000000e+00
1.000000000000000000e+00
1.000000000000000000e+00
1.000000000000000000e+00
9.049515724182128906e-01
8.788460493087768555e-01
8.896856307983398438e-01
8.043984174728393555e-01
8.907520174980163574e-01
9.297132492065429688e-01
8.754975795745849609e-01
8.467389345169067383e-01
6.912337541580200195e-01
7.833503484725952148e-01
7.542075514793395996e-01
6.986302137374877930e-01
7.177268862724304199e-01
7.234675884246826172e-01
7.809128165245056152e-01
7.314510345458984375e-01
8.420835733413696289e-01
1.000000000000000000e+00
1.000000000000000000e+00
1.000000000000000000e+00
1.000000000000000000e+00
1.000000000000000000e+00
9.480850696563720703e-01
9.345490932464599609e-01
8.795957565307617188e-01
8.433632850646972656e-01
7.928287386894226074e-01
7.927534580230712891e-01
8.341083526611328125e-01
1.000000000000000000e+00
1.000000000000000000e+00
1.000000000000000000e+00
1.000000000000000000e+00
1.000000000000000000e+00
9.248546361923217773e-01
8.357388377189636230e-01
8.071057200431823730e-01
7.517456412315368652e-01
7.025611400604248047e-01
6.818863749504089355e-01
6.432632803916931152e-01
6.616144180297851562e-01
7.102564573287963867e-01
1.000000000000000000e+00
9.999999403953552246e-01
9.999999403953552246e-01
9.249684214591979980e-01
8.846895694732666016e-01
8.392252922058105469e-01
8.202671408653259277e-01
7.121943235397338867e-01
8.326264619827270508e-01
6.604069471359252930e-01
7.312647104263305664e-01
7.557417750358581543e-01
7.971464991569519043e-01
1.000000000000000000e+00
9.999999403953552246e-01
9.644069075584411621e-01
8.513287305831909180e-01
7.628389596939086914e-01
8.274641036987304688e-01
7.589982748031616211e-01
7.783977389335632324e-01
7.005900144577026367e-01
6.687480211257934570e-01
9.999994635581970215e-01
9.999992251396179199e-01
9.999992251396179199e-01
9.999989271163940430e-01
9.964452981948852539e-01
9.961379766464233398e-01
9.957617521286010742e-01
9.946979880332946777e-01
9.942693114280700684e-01
9.943996667861938477e-01
9.977606534957885742e-01
9.999990463256835938e-01
9.999990463256835938e-01
9.971711635589599609e-01
9.953376650810241699e-01
9.942119121551513672e-01
9.937130212783813477e-01
9.928021430969238281e-01
9.910585284233093262e-01
9.892346858978271484e-01
9.876790046691894531e-01
9.858977198600769043e-01
9.841520190238952637e-01
9.801176786422729492e-01
9.999997019767761230e-01
9.955464601516723633e-01
9.868292808532714844e-01
9.829575419425964355e-01
9.738640189170837402e-01
9.659868478775024414e-01
9.569172859191894531e-01
9.468867182731628418e-01
9.394080042839050293e-01
9.640643596649169922e-01
9.999999403953552246e-01
9.868175983428955078e-01
9.835412502288818359e-01
9.730886816978454590e-01
9.657236933708190918e-01
9.524726867675781250e-01
9.391407966613769531e-01
9.358329176902770996e-01
9.532500505447387695e-01
1.000000000000000000e+00
9.844061136245727539e-01
9.652495384216308594e-01
9.443671703338623047e-01
9.310994148254394531e-01
9.133910536766052246e-01
9.010690450668334961e-01
8.855571746826171875e-01
8.877419233322143555e-01
8.770270347595214844e-01
1.000000000000000000e+00
1.000000000000000000e+00
1.000000000000000000e+00
1.000000000000000000e+00
9.999999403953552246e-01
9.366115927696228027e-01
9.078974723815917969e-01
8.852242231369018555e-01
8.602055311203002930e-01
8.393048048019409180e-01
8.353967666625976562e-01
9.108359217643737793e-01
1.000000000000000000e+00
1.000000000000000000e+00
9.506632685661315918e-01
9.164533019065856934e-01
8.642694950103759766e-01
8.499478101730346680e-01
8.388592600822448730e-01
8.169831037521362305e-01
8.517318964004516602e-01
1.000000000000000000e+00
1.000000000000000000e+00
1.000000000000000000e+00
1.000000000000000000e+00
9.655384421348571777e-01
9.198751449584960938e-01
8.880068063735961914e-01
8.503894805908203125e-01
8.374601602554321289e-01
8.211169242858886719e-01
8.600004911422729492e-01
1.000000000000000000e+00
1.000000000000000000e+00
1.000000000000000000e+00
9.104185104370117188e-01
8.507132530212402344e-01
7.745345830917358398e-01
7.516038417816162109e-01
7.247726321220397949e-01
7.375991344451904297e-01
7.114585638046264648e-01
7.133833765983581543e-01
1.000000000000000000e+00
1.000000000000000000e+00
1.000000000000000000e+00
9.135298132896423340e-01
8.468325138092041016e-01
8.250988721847534180e-01
7.147898077964782715e-01
7.277328968048095703e-01
8.160292506217956543e-01
7.462869882583618164e-01
7.313682436943054199e-01
1.000000000000000000e+00
1.000000000000000000e+00
1.000000000000000000e+00
9.144988059997558594e-01
8.039418458938598633e-01
7.233480215072631836e-01
6.442370414733886719e-01
8.900986909866333008e-01
7.700761556625366211e-01
7.901355028152465820e-01
7.233357429504394531e-01
7.295982837677001953e-01
7.121737003326416016e-01
1.000000000000000000e+00
1.000000000000000000e+00
1.000000000000000000e+00
1.000000000000000000e+00
8.768593072891235352e-01
7.248653769493103027e-01
8.390297293663024902e-01
7.457855939865112305e-01
8.639395236968994141e-01
7.795752882957458496e-01
8.818304538726806641e-01
9.999998807907104492e-01
9.999997019767761230e-01
9.999992847442626953e-01
9.939990043640136719e-01
9.902749061584472656e-01
9.932922124862670898e-01
9.739617109298706055e-01
9.087440967559814453e-01
7.700436115264892578e-01
6.139335632324218750e-01
7.538896799087524414e-01
7.370449304580688477e-01
7.248980998992919922e-01
1.000000000000000000e+00
1.000000000000000000e+00
9.565770030021667480e-01
8.947588801383972168e-01
8.462337255477905273e-01
8.075746893882751465e-01
7.669193744659423828e-01
9.887531995773315430e-01
9.337500929832458496e-01
6.944899559020996094e-01
7.351589202880859375e-01
7.570223808288574219e-01
1.000000000000000000e+00
1.000000000000000000e+00
1.000000000000000000e+00
8.697490692138671875e-01
8.359959125518798828e-01
6.812366247177124023e-01
7.694414854049682617e-01
6.560571193695068359e-01
7.854350805282592773e-01
8.083094954490661621e-01
8.522450923919677734e-01
8.201203346252441406e-01
9.999999403953552246e-01
9.999999403953552246e-01
9.999999403953552246e-01
6.866087317466735840e-01
7.400530576705932617e-01
6.873260736465454102e-01
5.665529966354370117e-01
5.303130149841308594e-01
6.931261420249938965e-01
5.057815313339233398e-01
5.715228319168090820e-01
6.261182427406311035e-01
8.936161994934082031e-01
9.535979032516479492e-01
1.000000000000000000e+00
1.000000000000000000e+00
9.992967844009399414e-01
8.964106440544128418e-01
8.619865179061889648e-01
8.562797904014587402e-01
1.000000000000000000e+00
9.999999403953552246e-01
9.999999403953552246e-01
9.999999403953552246e-01
8.172757625579833984e-01
6.438812613487243652e-01
6.737932562828063965e-01
6.713676452636718750e-01
7.322033643722534180e-01
7.794403433799743652e-01
7.796118259429931641e-01
8.209871053695678711e-01
9.270049333572387695e-01
9.653091430664062500e-01
1.000000000000000000e+00
1.000000000000000000e+00
7.740657329559326172e-01
6.774277687072753906e-01
7.394549846649169922e-01
7.082343101501464844e-01
6.353385448455810547e-01
6.096980571746826172e-01
5.949993133544921875e-01
7.323977947235107422e-01
7.232668399810791016e-01
8.995714187622070312e-01
9.999999403953552246e-01
9.999999403953552246e-01
8.897771239280700684e-01
7.992887496948242188e-01
5.315634012222290039e-01
7.263676524162292480e-01
5.464878082275390625e-01
5.343540906906127930e-01
5.061045289039611816e-01
5.191622972488403320e-01
4.993825852870941162e-01
6.517471075057983398e-01
1.000000000000000000e+00
1.000000000000000000e+00
9.999998807907104492e-01
9.999998807907104492e-01
9.999997019767761230e-01
9.999997019767761230e-01
9.654416441917419434e-01
9.599211215972900391e-01
9.507342576980590820e-01
8.279770612716674805e-01
8.855215311050415039e-01
6.876129508018493652e-01
9.118121862411499023e-01
5.190408825874328613e-01
6.710972189903259277e-01
9.999999403953552246e-01
9.999999403953552246e-01
9.667489528656005859e-01
9.477618932723999023e-01
9.964882135391235352e-01
9.953794479370117188e-01
9.020511507987976074e-01
7.345137596130371094e-01
7.965142726898193359e-01
8.734523057937622070e-01
7.773815989494323730e-01
7.655564546585083008e-01
1.000000000000000000e+00
1.000000000000000000e+00
1.000000000000000000e+00
9.058537483215332031e-01
8.806816935539245605e-01
7.918512821197509766e-01
7.952737808227539062e-01
6.637675762176513672e-01
6.727963685989379883e-01
7.363976240158081055e-01
5.221959948539733887e-01
5.455812811851501465e-01
6.608452200889587402e-01
1.000000000000000000e+00
1.000000000000000000e+00
1.000000000000000000e+00
1.000000000000000000e+00
8.755077719688415527e-01
8.276023864746093750e-01
7.482158541679382324e-01
9.041847586631774902e-01
8.515119552612304688e-01
6.740778684616088867e-01
6.511205434799194336e-01
7.351709604263305664e-01
1.000000000000000000e+00
1.000000000000000000e+00
1.000000000000000000e+00
1.000000000000000000e+00
9.134439826011657715e-01
8.858014941215515137e-01
8.668833971023559570e-01
8.246759176254272461e-01
7.483031749725341797e-01
9.467214941978454590e-01
7.747353315353393555e-01
1.000000000000000000e+00
1.000000000000000000e+00
1.000000000000000000e+00
9.864425063133239746e-01
9.040344953536987305e-01
9.486810564994812012e-01
8.352512121200561523e-01
8.390061259269714355e-01
7.032972574234008789e-01
7.218660712242126465e-01
5.234819054603576660e-01
6.056879162788391113e-01
1.000000000000000000e+00
1.000000000000000000e+00
1.000000000000000000e+00
1.000000000000000000e+00
1.000000000000000000e+00
9.666777849197387695e-01
9.601411223411560059e-01
8.957800269126892090e-01
8.655331134796142578e-01
7.991995215415954590e-01
1.000000000000000000e+00
1.000000000000000000e+00
1.000000000000000000e+00
1.000000000000000000e+00
1.000000000000000000e+00
1.000000000000000000e+00
9.067976474761962891e-01
8.824683427810668945e-01
7.491102218627929688e-01
6.675412058830261230e-01
8.237127661705017090e-01
8.578398227691650391e-01
8.076038360595703125e-01
5.863704085350036621e-01
6.802849769592285156e-01
1.000000000000000000e+00
9.980666637420654297e-01
9.195856451988220215e-01
8.452016115188598633e-01
6.858557462692260742e-01
6.386483311653137207e-01
6.515668630599975586e-01
3.872862458229064941e-01
4.697763919830322266e-01
5.744937658309936523e-01
9.999998807907104492e-01
9.999998807907104492e-01
9.999997019767761230e-01
9.988924264907836914e-01
9.985144138336181641e-01
9.935652613639831543e-01
9.964706301689147949e-01
9.961065053939819336e-01
9.999954104423522949e-01
9.999954700469970703e-01
9.999957084655761719e-01
9.970619678497314453e-01
9.944123625755310059e-01
9.949679374694824219e-01
9.942244291305541992e-01
9.919838309288024902e-01
9.792992472648620605e-01
9.872733950614929199e-01
9.896206259727478027e-01
9.859011173248291016e-01
9.986900687217712402e-01
9.598752260208129883e-01
9.999997615814208984e-01
9.999997615814208984e-01
9.991328716278076172e-01
9.809299707412719727e-01
9.808954596519470215e-01
9.950870275497436523e-01
9.946030974388122559e-01
9.879802465438842773e-01
9.999994635581970215e-01
9.999995231628417969e-01
9.999998807907104492e-01
9.999997615814208984e-01
9.932487010955810547e-01
9.823430776596069336e-01
8.223366737365722656e-01
9.304934740066528320e-01
9.514051675796508789e-01
9.088541269302368164e-01
9.304972887039184570e-01
7.885890007019042969e-01
1.000000000000000000e+00
1.000000000000000000e+00
1.000000000000000000e+00
1.000000000000000000e+00
8.222834467887878418e-01
6.331902146339416504e-01
6.340326666831970215e-01
6.924723982810974121e-01
6.888604164123535156e-01
7.707566618919372559e-01
8.525606393814086914e-01
9.999999403953552246e-01
9.999999403953552246e-01
9.999998807907104492e-01
9.999998807907104492e-01
9.997140169143676758e-01
9.649171233177185059e-01
8.378554582595825195e-01
7.102878093719482422e-01
6.499411463737487793e-01
6.695246696472167969e-01
5.578371286392211914e-01
5.715461969375610352e-01
5.627889633178710938e-01
6.631298065185546875e-01
9.999999403953552246e-01
9.999999403953552246e-01
9.999999403953552246e-01
9.827089309692382812e-01
8.799776434898376465e-01
8.672792315483093262e-01
8.316891193389892578e-01
7.854592204093933105e-01
7.249571681022644043e-01
8.386434912681579590e-01
1.000000000000000000e+00
1.000000000000000000e+00
1.000000000000000000e+00
1.000000000000000000e+00
9.999999403953552246e-01
9.412791132926940918e-01
6.552646160125732422e-01
7.276262044906616211e-01
7.031691074371337891e-01
7.608303427696228027e-01
7.813956141471862793e-01
7.123543620109558105e-01
8.402372598648071289e-01
8.728309869766235352e-01
9.595806002616882324e-01
9.999998807907104492e-01
9.502174854278564453e-01
8.608579039573669434e-01
7.683216333389282227e-01
7.865414619445800781e-01
7.077488899230957031e-01
7.746114730834960938e-01
7.139875888824462891e-01
9.999999403953552246e-01
9.999999403953552246e-01
1.000000000000000000e+00
9.999999403953552246e-01
9.769693613052368164e-01
9.678312540054321289e-01
9.633066654205322266e-01
7.560533285140991211e-01
5.898507237434387207e-01
8.640094995498657227e-01
8.051527738571166992e-01
1.000000000000000000e+00
9.999999403953552246e-01
9.999999403953552246e-01
9.999999403953552246e-01
9.039645195007324219e-01
7.606074810028076172e-01
7.087022066116333008e-01
5.909156203269958496e-01
6.474411487579345703e-01
6.494676470756530762e-01
5.982946753501892090e-01
6.166193485260009766e-01
6.639634370803833008e-01
5.605024099349975586e-01
1.000000000000000000e+00
8.813210725784301758e-01
9.063193202018737793e-01
8.892613649368286133e-01
8.917890787124633789e-01
6.769923567771911621e-01
6.691910028457641602e-01
6.352936029434204102e-01
5.870580673217773438e-01
5.603734254837036133e-01
8.614127635955810547e-01
1.000000000000000000e+00
1.000000000000000000e+00
9.251338839530944824e-01
7.896386981010437012e-01
8.438189029693603516e-01
4.402920901775360107e-01
4.250919222831726074e-01
7.446901202201843262e-01
7.135192155838012695e-01
7.659487128257751465e-01
1.000000000000000000e+00
1.000000000000000000e+00
1.000000000000000000e+00
1.000000000000000000e+00
1.000000000000000000e+00
1.000000000000000000e+00
1.000000000000000000e+00
1.000000000000000000e+00
9.377669692039489746e-01
8.635039329528808594e-01
6.365551352500915527e-01
5.617349147796630859e-01
5.384196043014526367e-01
4.054423272609710693e-01
6.292138099670410156e-01
5.832930803298950195e-01
1.000000000000000000e+00
9.999999403953552246e-01
1.000000000000000000e+00
1.000000000000000000e+00
1.000000000000000000e+00
9.375262260437011719e-01
8.590687513351440430e-01
8.071224093437194824e-01
7.380267977714538574e-01
7.610865831375122070e-01
7.564692497253417969e-01
5.061732530593872070e-01
6.657257080078125000e-01
9.999999403953552246e-01
9.999999403953552246e-01
9.999997615814208984e-01
9.999997615814208984e-01
9.997513294219970703e-01
9.993219375610351562e-01
9.946837425231933594e-01
9.985045790672302246e-01
9.950128793716430664e-01
9.973708391189575195e-01
9.974814653396606445e-01
9.965580701828002930e-01
9.997819662094116211e-01
9.999959468841552734e-01
9.933976531028747559e-01
9.964350461959838867e-01
9.996715784072875977e-01
9.723955988883972168e-01
9.498762488365173340e-01
9.038885831832885742e-01
8.808289766311645508e-01
9.546597003936767578e-01
9.983116388320922852e-01
9.983732104301452637e-01
9.999979734420776367e-01
9.999985694885253906e-01
9.973326921463012695e-01
9.751009941101074219e-01
9.231452345848083496e-01
8.913261294364929199e-01
9.841699600219726562e-01
8.303019404411315918e-01
9.690455198287963867e-01
9.420620203018188477e-01
9.851714968681335449e-01
9.999995231628417969e-01
9.999996423721313477e-01
9.999996423721313477e-01
9.907159805297851562e-01
9.830333590507507324e-01
9.668821692466735840e-01
9.404264688491821289e-01
8.458576202392578125e-01
7.439556121826171875e-01
6.682556867599487305e-01
7.869392633438110352e-01
1.000000000000000000e+00
1.000000000000000000e+00
9.658743143081665039e-01
9.309620857238769531e-01
9.081742763519287109e-01
8.981592655181884766e-01
9.076863527297973633e-01
8.205090761184692383e-01
8.307175040245056152e-01
8.273246288299560547e-01
1.000000000000000000e+00
1.000000000000000000e+00
9.864897727966308594e-01
8.925005793571472168e-01
7.935120463371276855e-01
7.311288714408874512e-01
6.797345876693725586e-01
6.397465467453002930e-01
5.876688957214355469e-01
7.360676527023315430e-01
1.000000000000000000e+00
9.011757373809814453e-01
6.087110638618469238e-01
8.446738123893737793e-01
5.539547801017761230e-01
4.281087815761566162e-01
3.699827194213867188e-01
3.824833035469055176e-01
3.469351232051849365e-01
6.854979395866394043e-01
8.310043811798095703e-01
1.000000000000000000e+00
1.000000000000000000e+00
1.000000000000000000e+00
9.042522907257080078e-01
7.458841800689697266e-01
7.212232351303100586e-01
5.851106643676757812e-01
6.640688776969909668e-01
4.033745229244232178e-01
3.297220170497894287e-01
3.207477331161499023e-01
1.000000000000000000e+00
9.243358969688415527e-01
7.217199206352233887e-01
6.176683306694030762e-01
7.007545828819274902e-01
9.999998807907104492e-01
9.999999403953552246e-01
1.000000000000000000e+00
9.375177621841430664e-01
9.137192964553833008e-01
7.982734441757202148e-01
9.130201339721679688e-01
6.492168903350830078e-01
8.056123256683349609e-01
6.504199504852294922e-01
6.897280216217041016e-01
9.999998807907104492e-01
9.999988079071044922e-01
9.999971389770507812e-01
9.998189806938171387e-01
9.995781779289245605e-01
9.992405772209167480e-01
9.992787837982177734e-01
9.990735054016113281e-01
9.992906451225280762e-01
9.990692138671875000e-01
9.991814494132995605e-01
9.991677999496459961e-01
9.999734759330749512e-01
9.999730587005615234e-01
9.999724626541137695e-01
9.999722242355346680e-01
9.998958110809326172e-01
9.991936087608337402e-01
9.991569519042968750e-01
9.991772174835205078e-01
9.992277622222900391e-01
9.992324113845825195e-01
9.994775056838989258e-01
9.987471103668212891e-01
9.996439814567565918e-01
9.999092817306518555e-01
9.999690055847167969e-01
9.999687075614929199e-01
9.999717473983764648e-01
9.999725222587585449e-01
9.982726573944091797e-01
9.978458285331726074e-01
9.982944726943969727e-01
9.986200332641601562e-01
9.976727962493896484e-01
9.992300868034362793e-01
9.988850951194763184e-01
9.978550672531127930e-01
9.994630217552185059e-01
9.998242855072021484e-01
9.998267889022827148e-01
9.976336956024169922e-01
9.961967468261718750e-01
9.958004951477050781e-01
9.942560195922851562e-01
9.907873868942260742e-01
9.852556586265563965e-01
9.619244933128356934e-01
9.537110328674316406e-01
9.497012495994567871e-01
9.951466917991638184e-01
9.971956014633178711e-01
9.999975562095642090e-01
9.999980926513671875e-01
9.999984502792358398e-01
9.999987483024597168e-01
9.653253555297851562e-01
8.629007339477539062e-01
7.972651720046997070e-01
8.253300189971923828e-01
1.000000000000000000e+00
1.000000000000000000e+00
8.984494209289550781e-01
8.217638731002807617e-01
6.234970092773437500e-01
5.916038751602172852e-01
7.926291823387145996e-01
6.475214958190917969e-01
6.369090676307678223e-01
4.467551112174987793e-01
6.507195234298706055e-01
1.000000000000000000e+00
1.000000000000000000e+00
1.000000000000000000e+00
6.926602721214294434e-01
8.032082319259643555e-01
6.223697662353515625e-01
7.736015319824218750e-01
7.996672391891479492e-01
8.150498867034912109e-01
8.553819060325622559e-01
8.612279891967773438e-01
9.393390417098999023e-01
9.999999403953552246e-01
1.000000000000000000e+00
8.597351908683776855e-01
7.988086938858032227e-01
7.591862678527832031e-01
7.818626761436462402e-01
6.005974411964416504e-01
5.719429254531860352e-01
5.655326247215270996e-01
7.836234569549560547e-01
7.125360369682312012e-01
3.300046026706695557e-01
3.348806798458099365e-01
1.000000000000000000e+00
1.000000000000000000e+00
9.260035753250122070e-01
9.283319711685180664e-01
8.018810749053955078e-01
7.321965098381042480e-01
8.260821700096130371e-01
6.901760101318359375e-01
6.846863627433776855e-01
1.000000000000000000e+00
1.000000000000000000e+00
1.000000000000000000e+00
1.000000000000000000e+00
1.000000000000000000e+00
1.000000000000000000e+00
9.400052428245544434e-01
9.253333806991577148e-01
8.063675165176391602e-01
7.957953810691833496e-01
6.975910663604736328e-01
8.860945105552673340e-01
9.522292017936706543e-01
9.999997019767761230e-01
9.999994635581970215e-01
9.999992847442626953e-01
9.999992847442626953e-01
9.773845076560974121e-01
9.752065539360046387e-01
9.775062799453735352e-01
9.450346827507019043e-01
9.736022353172302246e-01
8.861832022666931152e-01
8.569428324699401855e-01
9.563776254653930664e-01
9.637277126312255859e-01
9.999994039535522461e-01
9.999994635581970215e-01
9.046244025230407715e-01
7.353734970092773438e-01
8.521175384521484375e-01
7.032675147056579590e-01
7.193574905395507812e-01
8.598573207855224609e-01
9.111742377281188965e-01
9.185055494308471680e-01
1.000000000000000000e+00
1.000000000000000000e+00
1.000000000000000000e+00
1.000000000000000000e+00
8.979355692863464355e-01
8.984515666961669922e-01
8.399860262870788574e-01
8.314823508262634277e-01
9.247418642044067383e-01
8.868747949600219727e-01
9.375827312469482422e-01
9.999999403953552246e-01
9.999999403953552246e-01
9.999999403953552246e-01
9.494042396545410156e-01
8.618282079696655273e-01
6.163984537124633789e-01
8.336266875267028809e-01
8.438485860824584961e-01
4.951152503490447998e-01
4.794571995735168457e-01
8.426860570907592773e-01
9.285905361175537109e-01
9.999998807907104492e-01
9.999999403953552246e-01
1.000000000000000000e+00
1.000000000000000000e+00
9.534046649932861328e-01
8.264212012290954590e-01
8.892513513565063477e-01
6.528117656707763672e-01
7.817785143852233887e-01
7.036418914794921875e-01
1.000000000000000000e+00
1.000000000000000000e+00
1.000000000000000000e+00
8.144013285636901855e-01
7.774612307548522949e-01
7.901415824890136719e-01
8.147467374801635742e-01
8.872293233871459961e-01
8.619401454925537109e-01
6.301842331886291504e-01
1.000000000000000000e+00
1.000000000000000000e+00
1.000000000000000000e+00
9.278132319450378418e-01
8.381415605545043945e-01
6.904159784317016602e-01
5.887308716773986816e-01
3.853380680084228516e-01
3.777142763137817383e-01
3.954717516899108887e-01
7.620920538902282715e-01
1.000000000000000000e+00
1.000000000000000000e+00
9.999999403953552246e-01
9.999999403953552246e-01
9.999999403953552246e-01
6.632604598999023438e-01
7.709594964981079102e-01
4.940794408321380615e-01
7.162048816680908203e-01
8.155227899551391602e-01
9.999999403953552246e-01
1.000000000000000000e+00
9.379441738128662109e-01
7.910084724426269531e-01
7.298941016197204590e-01
8.507442474365234375e-01
8.643283843994140625e-01
7.758228182792663574e-01
7.198582887649536133e-01
6.754337549209594727e-01
1.000000000000000000e+00
1.000000000000000000e+00
9.074605703353881836e-01
9.251493811607360840e-01
7.680766582489013672e-01
8.571203947067260742e-01
8.120576739311218262e-01
5.720958113670349121e-01
6.099195480346679688e-01
6.988353729248046875e-01
1.000000000000000000e+00
9.999999403953552246e-01
9.999998807907104492e-01
9.999997615814208984e-01
9.999996423721313477e-01
9.286942481994628906e-01
9.189630746841430664e-01
8.846803903579711914e-01
8.494079113006591797e-01
7.434687614440917969e-01
7.752600908279418945e-01
8.273061513900756836e-01
8.153189420700073242e-01
7.892832756042480469e-01
1.000000000000000000e+00
1.000000000000000000e+00
1.000000000000000000e+00
9.034862518310546875e-01
7.810084819793701172e-01
5.836677551269531250e-01
8.521744012832641602e-01
8.243875503540039062e-01
8.639013171195983887e-01
6.109609603881835938e-01
9.999999403953552246e-01
1.000000000000000000e+00
1.000000000000000000e+00
1.000000000000000000e+00
1.000000000000000000e+00
9.432823061943054199e-01
8.064031004905700684e-01
7.332662343978881836e-01
6.075114607810974121e-01
4.919521808624267578e-01
6.770281195640563965e-01
4.424867630004882812e-01
1.000000000000000000e+00
1.000000000000000000e+00
1.000000000000000000e+00
9.999985098838806152e-01
9.996702671051025391e-01
9.006392359733581543e-01
6.447898149490356445e-01
6.585496068000793457e-01
5.660573244094848633e-01
6.049420833587646484e-01
5.862303376197814941e-01
4.943242073059082031e-01
5.877695679664611816e-01
9.999999403953552246e-01
9.999999403953552246e-01
9.999998807907104492e-01
9.107491970062255859e-01
4.584539830684661865e-01
3.095865249633789062e-01
2.888814806938171387e-01
3.472852408885955811e-01
7.772244811058044434e-01
7.192930579185485840e-01
7.490920424461364746e-01
7.510866522789001465e-01
1.000000000000000000e+00
