2.725417353212833405e-02
3.024573624134063721e-02
1.874394901096820831e-02
3.515605255961418152e-02
1.340812258422374725e-02
1.355223730206489563e-02
3.858150169253349304e-02
2.363933622837066650e-02
1.425659470260143280e-02
1.610590144991874695e-02
2.268519438803195953e-02
2.177353017032146454e-02
3.741179034113883972e-02
2.310596220195293427e-02
2.133068628609180450e-02
2.483982220292091370e-02
2.810227125883102417e-02
4.572106525301933289e-02
2.022726647555828094e-02
1.236853748559951782e-02
1.362738758325576782e-02
1.584041491150856018e-02
4.111239314079284668e-02
3.740053623914718628e-02
2.054526843130588531e-02
3.720628470182418823e-02
2.422282285988330841e-02
1.045863889157772064e-02
2.172091044485569000e-02
2.187853120267391205e-02
4.028323292732238770e-02
3.769099339842796326e-02
2.302355691790580750e-02
4.132308810949325562e-02
3.480444848537445068e-02
3.318937867879867554e-02
1.546734478324651718e-02
2.409516647458076477e-02
4.375274479389190674e-02
3.204847127199172974e-02
2.142528817057609558e-02
1.648759469389915466e-02
1.614237949252128601e-02
2.877519465982913971e-02
2.003762312233448029e-02
2.011599764227867126e-02
2.473253570497035980e-02
1.408851984888315201e-02
1.954841241240501404e-02
1.300457771867513657e-02
1.278212014585733414e-02
2.015741728246212006e-02
3.702499344944953918e-02
2.650557644665241241e-02
1.546160038560628891e-02
5.329521000385284424e-02
1.311750337481498718e-02
2.068555168807506561e-02
3.216496855020523071e-02
1.853182539343833923e-02
2.741769701242446899e-02
1.821293309330940247e-02
4.242686554789543152e-02
4.353590309619903564e-02
4.665355756878852844e-02
1.770064048469066620e-02
1.526627037674188614e-02
5.447718128561973572e-02
2.804866619408130646e-02
2.203932590782642365e-02
2.112063206732273102e-02
2.115181088447570801e-02
1.205376442521810532e-02
1.819374971091747284e-02
3.386953100562095642e-02
1.591293141245841980e-02
4.131110385060310364e-02
3.938894718885421753e-02
2.242675982415676117e-02
3.077782131731510162e-02
3.509590029716491699e-02
2.183973416686058044e-02
2.000565826892852783e-02
2.543548494577407837e-02
1.798039488494396210e-02
1.122048310935497284e-02
4.511244967579841614e-02
2.247533202171325684e-02
3.347041457891464233e-02
4.564559087157249451e-02
1.959678903222084045e-02
2.145554311573505402e-02
2.986004017293453217e-02
3.345059975981712341e-02
2.156334370374679565e-02
1.313763204962015152e-02
5.269644781947135925e-02
5.114394798874855042e-02
1.595039665699005127e-02
2.501308731734752655e-02
4.172378033399581909e-02
2.082698792219161987e-02
9.823747910559177399e-03
3.177487477660179138e-02
1.494827680289745331e-02
2.237999625504016876e-02
2.137380652129650116e-02
2.184933237731456757e-02
1.793986372649669647e-02
2.018090523779392242e-02
2.861094661056995392e-02
2.778541110455989838e-02
1.693537831306457520e-02
1.499746460467576981e-02
2.558948844671249390e-02
3.887144848704338074e-02
1.322810072451829910e-02
1.532575301826000214e-02
3.546471148729324341e-02
5.752146616578102112e-02
7.520215585827827454e-03
2.119197510182857513e-02
1.317064743489027023e-02
2.684649080038070679e-02
3.197970613837242126e-02
2.117037400603294373e-02
1.516998279839754105e-02
3.481130674481391907e-02
1.941554062068462372e-02
1.461918186396360397e-02
3.252730518579483032e-02
1.515147276222705841e-02
2.033605426549911499e-02
4.429101571440696716e-02
4.005205631256103516e-02
1.128548011183738708e-02
2.745418064296245575e-02
2.798289805650711060e-02
3.542391210794448853e-02
1.666051894426345825e-02
3.706602007150650024e-02
3.605223447084426880e-02
3.761611878871917725e-02
6.192981824278831482e-02
2.122445777058601379e-02
1.722852140665054321e-02
3.798506036400794983e-02
1.732952147722244263e-02
5.991026386618614197e-02
5.019898340106010437e-02
2.176391333341598511e-02
3.821030259132385254e-02
1.477718446403741837e-02
2.203769981861114502e-02
4.244652763009071350e-02
2.203257381916046143e-02
1.810934953391551971e-02
1.933423429727554321e-02
2.515343017876148224e-02
4.808334261178970337e-02
4.260988906025886536e-02
2.560011483728885651e-02
2.109857834875583649e-02
2.469094470143318176e-02
2.766819670796394348e-02
4.258749634027481079e-02
3.504680097103118896e-02
2.712482959032058716e-02
2.729614078998565674e-02
1.754838228225708008e-02
2.177385054528713226e-02
4.745770990848541260e-02
2.089738473296165466e-02
2.776961587369441986e-02
2.111891657114028931e-02
5.034446343779563904e-02
2.827165648341178894e-02
1.862913928925991058e-02
4.713260382413864136e-02
9.789586998522281647e-03
4.060899466276168823e-02
3.621790930628776550e-02
2.664283663034439087e-02
4.199075326323509216e-02
5.588987842202186584e-02
4.510971531271934509e-02
2.825432084500789642e-02
3.517217189073562622e-02
3.297878056764602661e-02
1.371724717319011688e-02
2.908558584749698639e-02
6.160197407007217407e-02
1.372201833873987198e-02
2.518350072205066681e-02
1.628036797046661377e-02
2.418180555105209351e-02
3.080109320580959320e-02
3.697039932012557983e-02
2.534015849232673645e-02
3.904433548450469971e-02
