1.145392563194036484e-02
1.039301231503486633e-02
8.946499787271022797e-03
1.889161951839923859e-02
9.385515935719013214e-03
2.638520486652851105e-02
1.825727522373199463e-02
3.054635599255561829e-02
1.568417996168136597e-02
2.219347655773162842e-02
1.682692766189575195e-02
1.126984227448701859e-02
1.511823479086160660e-02
1.677405647933483124e-02
2.802383713424205780e-02
2.499564364552497864e-02
1.737948879599571228e-02
3.149934485554695129e-02
8.058275096118450165e-03
1.346633955836296082e-02
1.575453579425811768e-02
1.005463674664497375e-02
8.012905716896057129e-03
1.935020647943019867e-02
1.151381339877843857e-02
2.041261456906795502e-02
8.499952033162117004e-03
1.195557788014411926e-02
9.999663569033145905e-03
2.005790174007415771e-02
1.885987073183059692e-02
3.695262596011161804e-02
2.122524753212928772e-02
8.349679410457611084e-03
1.213039550930261612e-02
1.507343724370002747e-02
1.238678768277168274e-02
1.037857774645090103e-02
1.218753773719072342e-02
1.454387512058019638e-02
2.675159275531768799e-02
2.540153078734874725e-02
6.486593745648860931e-03
9.147841483354568481e-03
1.649669185280799866e-02
1.579308696091175079e-02
2.661889605224132538e-02
1.677010953426361084e-02
2.517271973192691803e-02
2.147704176604747772e-02
8.486507460474967957e-03
2.983923815190792084e-02
1.291502360254526138e-02
1.092789880931377411e-02
2.487577497959136963e-02
1.613985374569892883e-02
2.113226614892482758e-02
1.504826638847589493e-02
1.262689940631389618e-02
1.763456687331199646e-02
1.423660386353731155e-02
1.022248622030019760e-02
7.809587754309177399e-03
1.115298271179199219e-02
8.144129067659378052e-03
1.736362092196941376e-02
1.332722418010234833e-02
1.321011967957019806e-02
1.217948272824287415e-02
1.372522208839654922e-02
3.319836035370826721e-02
7.909514941275119781e-03
1.172750815749168396e-02
1.225768309086561203e-02
3.950298950076103210e-02
1.390505209565162659e-02
1.395766250789165497e-02
2.760600671172142029e-02
1.755165308713912964e-02
1.586193777620792389e-02
1.908331178128719330e-02
1.180428266525268555e-02
2.209489233791828156e-02
2.360427565872669220e-02
1.998291723430156708e-02
1.125749852508306503e-02
2.890615537762641907e-02
1.442371681332588196e-02
2.535691112279891968e-02
1.217881776392459869e-02
2.708826214075088501e-02
2.682718634605407715e-02
1.539630908519029617e-02
9.542243555188179016e-03
1.003605965524911880e-02
2.391989342868328094e-02
3.366512432694435120e-02
9.423361159861087799e-03
1.177000533789396286e-02
1.077332068234682083e-02
1.423934381455183029e-02
7.806903682649135590e-03
1.417538151144981384e-02
3.066716901957988739e-02
1.789747923612594604e-02
1.595892757177352905e-02
3.249637410044670105e-02
4.166994616389274597e-02
1.202184613794088364e-02
1.840473897755146027e-02
4.726820439100265503e-02
2.214143052697181702e-02
1.703650690615177155e-02
2.342889457941055298e-02
1.917701587080955505e-02
1.643699407577514648e-02
2.845735289156436920e-02
1.838428340852260590e-02
2.617780864238739014e-02
3.558754548430442810e-02
1.738000474870204926e-02
2.465640194714069366e-02
1.466374937444925308e-02
2.103511057794094086e-02
1.165735721588134766e-02
2.013422548770904541e-02
1.378888636827468872e-02
1.945816166698932648e-02
1.669847220182418823e-02
2.436997182667255402e-02
8.568438701331615448e-03
1.931536942720413208e-02
2.853240631520748138e-02
2.073119580745697021e-02
1.273240335285663605e-02
1.868313550949096680e-02
1.271276082843542099e-02
3.349352627992630005e-02
1.117630396038293839e-02
2.382649108767509460e-02
3.343643248081207275e-02
4.669157788157463074e-02
3.546773642301559448e-02
1.208221074193716049e-02
2.260486781597137451e-02
2.910672873258590698e-02
1.450572255998849869e-02
3.774110972881317139e-02
2.052609249949455261e-02
3.477350622415542603e-02
1.451100874692201614e-02
2.791586890816688538e-02
2.325642108917236328e-02
2.873434498906135559e-02
2.504426985979080200e-02
1.025442685931921005e-02
3.462133184075355530e-02
2.169930934906005859e-02
1.658036932349205017e-02
2.033228613436222076e-02
9.585550986230373383e-03
1.320827472954988480e-02
2.851957269012928009e-02
1.398280169814825058e-02
1.081342902034521103e-02
2.243904955685138702e-02
1.163327321410179138e-02
2.449373714625835419e-02
1.925971545279026031e-02
1.199607271701097488e-02
1.659204252064228058e-02
2.730321139097213745e-02
2.710703201591968536e-02
1.444791629910469055e-02
9.706337936222553253e-03
1.372429449111223221e-02
1.254876051098108292e-02
1.490564923733472824e-02
2.255667373538017273e-02
2.435274422168731689e-02
3.337110951542854309e-02
3.373462334275245667e-02
1.408680435270071030e-02
3.301343321800231934e-02
2.691975608468055725e-02
1.261072233319282532e-02
1.252844743430614471e-02
2.719445712864398956e-02
1.428161375224590302e-02
1.069077197462320328e-02
1.291445549577474594e-02
1.067372690886259079e-02
1.599855162203311920e-02
1.430690847337245941e-02
2.069907635450363159e-02
1.933217421174049377e-02
2.430378086864948273e-02
1.643769256770610809e-02
1.590066403150558472e-02
2.046254836022853851e-02
