8.272012323141098022e-02
8.890627324581146240e-02
9.710792452096939087e-02
8.466441184282302856e-02
9.099834412336349487e-02
5.843626707792282104e-02
9.985429048538208008e-02
1.544732898473739624e-01
9.727505594491958618e-02
7.655557990074157715e-02
8.103851228952407837e-02
5.758572369813919067e-02
7.956066727638244629e-02
6.828241050243377686e-02
9.700599312782287598e-02
1.069811731576919556e-01
5.845895037055015564e-02
9.622822701930999756e-02
6.146746501326560974e-02
6.201456114649772644e-02
2.487252503633499146e-01
5.556261166930198669e-02
6.761597841978073120e-02
1.196983531117439270e-01
8.130837976932525635e-02
4.990724474191665649e-02
1.288133263587951660e-01
8.498958498239517212e-02
7.050216197967529297e-02
7.824540883302688599e-02
6.590758264064788818e-02
1.067622229456901550e-01
6.574020534753799438e-02
4.497401043772697449e-02
1.226588338613510132e-01
1.100153028964996338e-01
9.210480004549026489e-02
7.878240942955017090e-02
2.543801367282867432e-01
1.896230578422546387e-01
5.694406479597091675e-02
9.845406562089920044e-02
6.556034088134765625e-02
1.200107261538505554e-01
1.115135774016380310e-01
8.614384382963180542e-02
8.117209374904632568e-02
7.631493359804153442e-02
1.447122246026992798e-01
9.708937257528305054e-02
1.270302236080169678e-01
6.963133066892623901e-02
6.564885377883911133e-02
1.075715050101280212e-01
8.061848580837249756e-02
1.062207520008087158e-01
8.005224913358688354e-02
1.204092875123023987e-01
6.598156690597534180e-02
1.299798041582107544e-01
2.442418038845062256e-01
5.854497849941253662e-02
7.415330410003662109e-02
9.589692205190658569e-02
1.002933084964752197e-01
8.109765499830245972e-02
6.517517566680908203e-02
5.987374484539031982e-02
9.682653844356536865e-02
1.082126647233963013e-01
8.088348060846328735e-02
9.835444390773773193e-02
9.538349509239196777e-02
1.002155914902687073e-01
1.637676060199737549e-01
9.142543375492095947e-02
1.543151587247848511e-01
1.073206290602684021e-01
6.730686128139495850e-02
7.404278963804244995e-02
1.066176444292068481e-01
7.470707595348358154e-02
9.022716432809829712e-02
1.553792655467987061e-01
7.295708358287811279e-02
7.629570364952087402e-02
8.158158510923385620e-02
2.235973626375198364e-01
7.324034720659255981e-02
7.744945585727691650e-02
1.047213524580001831e-01
5.814767628908157349e-02
9.142288565635681152e-02
5.614081025123596191e-02
6.148464977741241455e-02
1.804008781909942627e-01
7.433847337961196899e-02
1.039977297186851501e-01
8.709932118654251099e-02
1.954565793275833130e-01
6.151790171861648560e-02
6.979694962501525879e-02
1.113387271761894226e-01
1.467445939779281616e-01
5.360731109976768494e-02
8.223487436771392822e-02
5.606364831328392029e-02
6.522154062986373901e-02
7.974524050951004028e-02
8.936096727848052979e-02
5.345046147704124451e-02
9.376347064971923828e-02
5.724554508924484253e-02
4.216451197862625122e-02
5.932455509901046753e-02
6.792681664228439331e-02
5.527270585298538208e-02
1.803545653820037842e-01
6.706783175468444824e-02
5.997667461633682251e-02
5.621219426393508911e-02
4.805932566523551941e-02
7.097882032394409180e-02
7.333129644393920898e-02
5.257676169276237488e-02
5.090557411313056946e-02
6.505295634269714355e-02
1.119226366281509399e-01
4.449441656470298767e-02
7.906560599803924561e-02
7.727683335542678833e-02
3.375677391886711121e-02
1.117046475410461426e-01
7.969827204942703247e-02
5.904018506407737732e-02
9.052439779043197632e-02
1.867974102497100830e-01
1.157906651496887207e-01
6.669255346059799194e-02
7.980985939502716064e-02
6.268529593944549561e-02
6.302366405725479126e-02
8.342863619327545166e-02
7.236481457948684692e-02
9.227549284696578979e-02
8.561701327562332153e-02
1.083120554685592651e-01
1.254403293132781982e-01
6.118285655975341797e-02
6.324201822280883789e-02
1.006390377879142761e-01
5.581345409154891968e-02
5.806605145335197449e-02
2.766851782798767090e-01
1.205970123410224915e-01
5.963094905018806458e-02
7.386232912540435791e-02
5.517065525054931641e-02
7.435091584920883179e-02
1.132266446948051453e-01
8.552819490432739258e-02
8.836111426353454590e-02
8.717225492000579834e-02
9.075967222452163696e-02
8.714492619037628174e-02
1.712296307086944580e-01
1.272321790456771851e-01
8.198541402816772461e-02
1.478070169687271118e-01
2.127820849418640137e-01
1.353069394826889038e-01
8.030864596366882324e-02
8.565918356180191040e-02
6.485095620155334473e-02
6.681735068559646606e-02
1.229042038321495056e-01
1.597153395414352417e-01
8.465329557657241821e-02
1.057653799653053284e-01
1.009383797645568848e-01
7.785342633724212646e-02
6.678565591573715210e-02
4.521698877215385437e-02
9.789510816335678101e-02
7.331128418445587158e-02
1.649981737136840820e-01
7.142606377601623535e-02
5.081006512045860291e-02
8.003271371126174927e-02
4.257710650563240051e-02
1.100683957338333130e-01
5.952235311269760132e-02
8.118767291307449341e-02
8.684492856264114380e-02
1.180481091141700745e-01
2.397704869508743286e-01
9.038972109556198120e-02
9.245385229587554932e-02
7.535130530595779419e-02
8.318427205085754395e-02
