1.944173499941825867e-02
1.611998118460178375e-02
3.568795695900917053e-02
1.833110675215721130e-02
1.389491744339466095e-02
2.928294427692890167e-02
2.095304057002067566e-02
2.104201167821884155e-02
2.124191075563430786e-02
1.507409848272800446e-02
1.393862161785364151e-02
3.452465683221817017e-02
2.029891312122344971e-02
1.073414087295532227e-02
1.845473237335681915e-02
1.527769118547439575e-02
3.368023037910461426e-02
1.755018346011638641e-02
3.053819201886653900e-02
2.254188992083072662e-02
1.685900241136550903e-02
1.845778152346611023e-02
3.485055640339851379e-02
1.599368453025817871e-02
2.881560660898685455e-02
2.681435458362102509e-02
3.797754645347595215e-02
3.869644924998283386e-02
1.329445559531450272e-02
1.509987842291593552e-02
2.323340065777301788e-02
1.830208860337734222e-02
1.810465194284915924e-02
3.266334906220436096e-02
2.287461981177330017e-02
1.900603622198104858e-02
2.610293217003345490e-02
2.876147255301475525e-02
3.530255332589149475e-02
2.315431647002696991e-02
1.507664751261472702e-02
1.365491375327110291e-02
1.412426494061946869e-02
2.893531136214733124e-02
1.632449962198734283e-02
2.222011797130107880e-02
1.318831369280815125e-02
1.661492511630058289e-02
2.255912870168685913e-02
3.619731962680816650e-02
2.124652639031410217e-02
2.063481323421001434e-02
2.506913244724273682e-02
2.012600004673004150e-02
1.516065001487731934e-02
2.223375625908374786e-02
2.118507772684097290e-02
1.044824160635471344e-02
2.495872043073177338e-02
1.400357391685247421e-02
3.937184438109397888e-02
3.229713812470436096e-02
3.777774050831794739e-02
1.855718530714511871e-02
2.065332420170307159e-02
2.557045407593250275e-02
1.643230952322483063e-02
2.696646936237812042e-02
4.522868990898132324e-02
1.162465102970600128e-02
2.137789875268936157e-02
3.202905878424644470e-02
2.941339835524559021e-02
3.354310616850852966e-02
1.746104843914508820e-02
2.766774035990238190e-02
4.666540771722793579e-02
1.922509633004665375e-02
1.323404908180236816e-02
1.009559724479913712e-02
3.291689977049827576e-02
3.486877679824829102e-02
3.510762006044387817e-02
2.351924218237400055e-02
1.314302440732717514e-02
1.313215307891368866e-02
1.674351096153259277e-02
3.468343988060951233e-02
2.359777502715587616e-02
4.363677278161048889e-02
3.811810538172721863e-02
2.855544351041316986e-02
2.613190002739429474e-02
2.788286656141281128e-02
1.535941567271947861e-02
2.206040732562541962e-02
2.567650564014911652e-02
2.355912141501903534e-02
1.423493213951587677e-02
1.201620046049356461e-02
3.390311449766159058e-02
1.588454656302928925e-02
2.149004116654396057e-02
3.457535803318023682e-02
1.645413041114807129e-02
1.898511312901973724e-02
1.368597615510225296e-02
3.072834387421607971e-02
3.154210373759269714e-02
1.152464561164379120e-02
1.182429026812314987e-02
1.295138057321310043e-02
1.651137694716453552e-02
3.837217763066291809e-02
1.264873798936605453e-02
1.338418386876583099e-02
1.191543042659759521e-02
2.278093434870243073e-02
9.350732900202274323e-03
3.498120605945587158e-02
8.863005787134170532e-03
9.196846745908260345e-03
4.494860395789146423e-02
2.152728103101253510e-02
1.661006920039653778e-02
2.750987187027931213e-02
1.729568652808666229e-02
1.155343744903802872e-02
1.436402462422847748e-02
1.387937553226947784e-02
2.542715519666671753e-02
2.281402610242366791e-02
3.719519823789596558e-02
1.852133311331272125e-02
3.340093791484832764e-02
2.223709784448146820e-02
3.417690470814704895e-02
2.598112821578979492e-02
4.699259251356124878e-02
3.887782245874404907e-02
1.596120372414588928e-02
8.457680232822895050e-03
1.515311188995838165e-02
2.145043015480041504e-02
1.483513507992029190e-02
1.255776640027761459e-02
1.856461726129055023e-02
2.446334250271320343e-02
2.660274319350719452e-02
3.736804425716400146e-02
1.750118844211101532e-02
1.840039342641830444e-02
8.867039345204830170e-03
2.537131123244762421e-02
2.012889273464679718e-02
3.234075009822845459e-02
2.324515767395496368e-02
1.479682046920061111e-02
1.470941770821809769e-02
1.361204963177442551e-02
4.380400106310844421e-02
2.400098741054534912e-02
4.114834591746330261e-02
1.360117364674806595e-02
1.996677741408348083e-02
1.372777298092842102e-02
4.724039882421493530e-02
3.792278468608856201e-02
2.742698229849338531e-02
2.081433869898319244e-02
2.854428626596927643e-02
3.112015500664710999e-02
1.033607777208089828e-02
2.194759063422679901e-02
1.951533555984497070e-02
2.738089114427566528e-02
2.788705006241798401e-02
2.140883542597293854e-02
2.817141823470592499e-02
1.997753418982028961e-02
1.161899697035551071e-02
3.045351617038249969e-02
1.096984837204217911e-02
2.066067233681678772e-02
2.797568216919898987e-02
1.606249064207077026e-02
2.347328513860702515e-02
1.819451712071895599e-02
1.483882684260606766e-02
1.585790142416954041e-02
5.173581838607788086e-02
1.449626311659812927e-02
9.348290972411632538e-03
2.300081402063369751e-02
6.162906065583229065e-03
1.257161423563957214e-02
3.163319826126098633e-02
1.696637272834777832e-02
3.257056698203086853e-02
1.032081060111522675e-02
