3.429929539561271667e-02
1.802662201225757599e-02
3.003330528736114502e-02
2.149219624698162079e-02
8.792734704911708832e-03
1.461800280958414078e-02
2.364880777895450592e-02
1.442247256636619568e-02
1.976254209876060486e-02
3.517146781086921692e-02
1.179207116365432739e-02
3.145268186926841736e-02
1.531200297176837921e-02
2.939113415777683258e-02
1.509548909962177277e-02
2.078285627067089081e-02
2.240755781531333923e-02
1.284175459295511246e-02
2.172988839447498322e-02
5.463390424847602844e-02
2.075421065092086792e-02
2.106918022036552429e-02
4.455534741282463074e-02
1.633360423147678375e-02
2.862388268113136292e-02
1.549201738089323044e-02
2.943684719502925873e-02
1.468508411198854446e-02
2.603702619671821594e-02
3.010449372231960297e-02
2.008532546460628510e-02
1.581004075706005096e-02
2.161664329469203949e-02
1.107574906200170517e-02
3.709240630269050598e-02
2.755497395992279053e-02
3.696749359369277954e-02
1.674661971628665924e-02
1.746867038309574127e-02
1.830434426665306091e-02
2.741358429193496704e-02
3.380196169018745422e-02
1.884257979691028595e-02
4.061033204197883606e-02
1.380609627813100815e-02
1.401055976748466492e-02
1.905260793864727020e-02
3.315524384379386902e-02
1.532016601413488388e-02
3.554421663284301758e-02
2.366247028112411499e-02
1.426317170262336731e-02
1.666945405304431915e-02
1.295609958469867706e-02
2.390793524682521820e-02
7.642715703696012497e-03
2.669187448918819427e-02
1.562505774199962616e-02
1.241717766970396042e-02
1.692231558263301849e-02
3.701773285865783691e-02
1.067927666008472443e-02
3.068124316632747650e-02
1.278701238334178925e-02
1.978441141545772552e-02
3.368426486849784851e-02
3.257999941706657410e-02
1.931950077414512634e-02
2.009348385035991669e-02
1.110954489558935165e-02
3.044102340936660767e-02
1.543616876006126404e-02
1.046940311789512634e-02
2.554508112370967865e-02
1.717854104936122894e-02
1.490848697721958160e-02
1.079247333109378815e-02
2.967213839292526245e-02
8.908618241548538208e-03
1.419037394225597382e-02
1.277008093893527985e-02
3.207380324602127075e-02
1.364865060895681381e-02
3.833645582199096680e-02
2.912633493542671204e-02
1.415488962084054947e-02
2.495606243610382080e-02
9.725529700517654419e-03
1.298946049064397812e-02
1.153406873345375061e-02
4.076019674539566040e-02
1.603898219764232635e-02
1.584087125957012177e-02
1.945642568171024323e-02
4.576316103339195251e-02
2.624258957803249359e-02
1.664482429623603821e-02
1.054880954325199127e-02
4.367948323488235474e-02
1.554917078465223312e-02
1.902642473578453064e-02
1.951750926673412323e-02
2.922853641211986542e-02
2.115491218864917755e-02
2.359177917242050171e-02
1.266844850033521652e-02
2.192190662026405334e-02
9.649868123233318329e-03
1.370763778686523438e-02
1.822643540799617767e-02
1.126732025295495987e-02
4.083319380879402161e-02
2.254915237426757812e-02
2.597814984619617462e-02
4.042386636137962341e-02
1.555098313838243484e-02
2.379507012665271759e-02
1.861048676073551178e-02
1.751100830733776093e-02
2.886891365051269531e-02
4.145961999893188477e-02
1.615796983242034912e-02
2.595617808401584625e-02
2.064315229654312134e-02
2.839584834873676300e-02
8.581017144024372101e-03
3.272659331560134888e-02
3.430558741092681885e-02
2.100088447332382202e-02
2.530997060239315033e-02
1.723850145936012268e-02
2.651355974376201630e-02
1.213484350591897964e-02
1.546169910579919815e-02
2.429497800767421722e-02
2.220233716070652008e-02
2.121493965387344360e-02
3.572664782404899597e-02
4.592597112059593201e-02
1.570454798638820648e-02
2.955262735486030579e-02
2.082943730056285858e-02
4.841252043843269348e-02
1.302460860460996628e-02
1.197339408099651337e-02
3.791853040456771851e-02
3.503213822841644287e-02
2.301482670009136200e-02
1.950459182262420654e-02
2.527930960059165955e-02
1.191096287220716476e-02
1.325680315494537354e-02
1.604451797902584076e-02
1.100923214107751846e-02
1.800881326198577881e-02
1.778605952858924866e-02
1.319245714694261551e-02
2.464382164180278778e-02
1.647433452308177948e-02
2.000081352889537811e-02
1.941854879260063171e-02
1.125454809516668320e-02
1.682218350470066071e-02
1.748767122626304626e-02
1.111449114978313446e-02
1.992766931653022766e-02
2.443749085068702698e-02
2.619049698114395142e-02
2.162099070847034454e-02
1.939724758267402649e-02
1.271694526076316833e-02
7.813907228410243988e-03
3.582205250859260559e-02
2.915089204907417297e-02
2.266104519367218018e-02
2.780508995056152344e-02
1.882966607809066772e-02
1.113098021596670151e-02
1.061265356838703156e-02
2.660282887518405914e-02
1.475178170949220657e-02
1.225619856268167496e-02
2.283482998609542847e-02
1.120020914822816849e-02
1.195368357002735138e-02
2.572427503764629364e-02
2.528093382716178894e-02
1.594069227576255798e-02
1.701959967613220215e-02
1.288959104567766190e-02
1.023712195456027985e-02
1.863770186901092529e-02
2.434826456010341644e-02
2.596776187419891357e-02
1.168939005583524704e-02
8.965274319052696228e-03
2.009609714150428772e-02
3.656363114714622498e-02
2.241845615208148956e-02
9.024490602314472198e-03
