4.151059687137603760e-02
3.081772476434707642e-02
2.707861177623271942e-02
2.407093532383441925e-02
4.826500639319419861e-02
3.010245226323604584e-02
2.456495538353919983e-02
5.063416436314582825e-02
3.771635890007019043e-02
5.268093943595886230e-02
6.353178620338439941e-02
3.476255759596824646e-02
1.917245797812938690e-02
2.966848574578762054e-02
3.917765989899635315e-02
8.389981836080551147e-02
4.962051287293434143e-02
4.574329033493995667e-02
4.592393711209297180e-02
3.587175905704498291e-02
2.297734096646308899e-02
2.879977598786354065e-02
2.223708108067512512e-02
3.853634744882583618e-02
4.118675738573074341e-02
2.147875167429447174e-02
1.993634924292564392e-02
2.462417818605899811e-02
2.607180550694465637e-02
5.044998228549957275e-02
3.654427453875541687e-02
8.010445535182952881e-02
8.923853188753128052e-02
5.838816985487937927e-02
6.952109932899475098e-02
3.017721138894557953e-02
2.210145257413387299e-02
4.955828189849853516e-02
8.615235984325408936e-02
5.017818883061408997e-02
3.490157797932624817e-02
6.494948267936706543e-02
2.246168255805969238e-02
4.085851088166236877e-02
2.696901373565196991e-02
2.955985441803932190e-02
3.306042775511741638e-02
3.159831464290618896e-02
2.865719422698020935e-02
4.279593750834465027e-02
6.862600892782211304e-02
4.279419407248497009e-02
5.622109025716781616e-02
4.320455715060234070e-02
9.377328306436538696e-02
1.738728210330009460e-02
2.682058326900005341e-02
2.039753086864948273e-02
3.948505222797393799e-02
2.729427441954612732e-02
6.962582468986511230e-02
9.415134042501449585e-02
2.215505391359329224e-02
5.663645267486572266e-02
5.611870065331459045e-02
4.456374421715736389e-02
8.218671381473541260e-02
5.447047948837280273e-02
2.034020610153675079e-02
2.412915229797363281e-02
3.009108267724514008e-02
2.875515259802341461e-02
2.265874110162258148e-02
2.626561373472213745e-02
4.214277118444442749e-02
5.700435116887092590e-02
4.513888806104660034e-02
2.964078262448310852e-02
4.352102428674697876e-02
8.230676501989364624e-02
3.202286735177040100e-02
3.754250332713127136e-02
3.250197693705558777e-02
1.652878895401954651e-02
8.665587007999420166e-02
4.502350836992263794e-02
2.299745194613933563e-02
3.263825550675392151e-02
3.087475150823593140e-02
4.199098423123359680e-02
5.123109370470046997e-02
2.772842347621917725e-02
4.715535789728164673e-02
5.126931890845298767e-02
7.216672599315643311e-02
3.707596287131309509e-02
3.386026620864868164e-02
2.751721255481243134e-02
3.404184058308601379e-02
2.366279624402523041e-02
3.806256502866744995e-02
2.130005322396755219e-02
2.667632885277271271e-02
4.401180893182754517e-02
3.674696013331413269e-02
3.320084512233734131e-02
3.342927247285842896e-02
1.413420215249061584e-02
4.441419616341590881e-02
2.850324846804141998e-02
1.875324733555316925e-02
3.781103342771530151e-02
5.362657085061073303e-02
4.647489264607429504e-02
3.498302027583122253e-02
3.620047494769096375e-02
5.570067465305328369e-02
4.145275801420211792e-02
4.024824127554893494e-02
4.242498800158500671e-02
3.733506053686141968e-02
4.607424139976501465e-02
2.451897598803043365e-02
5.730997025966644287e-02
1.028264313936233521e-01
2.829329110682010651e-02
6.686219573020935059e-02
3.207699954509735107e-02
2.681173197925090790e-02
3.494239598512649536e-02
8.178042620420455933e-02
7.904060930013656616e-02
3.653492406010627747e-02
4.301696643233299255e-02
5.691793560981750488e-02
4.650500416755676270e-02
4.697712883353233337e-02
2.273912355303764343e-02
2.546238899230957031e-02
3.012997843325138092e-02
4.448703303933143616e-02
2.854138426482677460e-02
5.718018487095832825e-02
5.410712957382202148e-02
3.594597056508064270e-02
5.227560549974441528e-02
4.328348115086555481e-02
3.939073160290718079e-02
5.124821886420249939e-02
2.428030222654342651e-02
4.097703471779823303e-02
3.877037018537521362e-02
6.767453253269195557e-02
7.057484984397888184e-02
2.995347604155540466e-02
3.571428731083869934e-02
6.688413023948669434e-02
3.825448825955390930e-02
5.792272463440895081e-02
2.493106387555599213e-02
4.437804594635963440e-02
2.660539001226425171e-02
4.170775786042213440e-02
3.273278102278709412e-02
2.277332916855812073e-02
3.403369337320327759e-02
3.734887763857841492e-02
5.166391283273696899e-02
2.994722500443458557e-02
6.748400628566741943e-02
4.613977298140525818e-02
3.337797150015830994e-02
2.930863201618194580e-02
1.015667542815208435e-01
4.795000702142715454e-02
8.760353177785873413e-02
5.922842025756835938e-02
3.281357139348983765e-02
3.994802013039588928e-02
3.718029707670211792e-02
8.016206324100494385e-02
3.746585547924041748e-02
6.551299244165420532e-02
6.381340324878692627e-02
5.144024267792701721e-02
3.210454806685447693e-02
4.099934920668601990e-02
5.732705816626548767e-02
2.282061614096164703e-02
3.775293007493019104e-02
3.776811808347702026e-02
7.974280416965484619e-02
5.627838522195816040e-02
9.275118261575698853e-02
3.598409146070480347e-02
3.708870708942413330e-02
5.026667565107345581e-02
1.506194472312927246e-02
3.081856295466423035e-02
3.683801740407943726e-02
