2.922541275620460510e-02
1.565555669367313385e-02
2.374592050909996033e-02
2.024590224027633667e-02
2.053161151707172394e-02
3.274672478437423706e-02
1.876917667686939240e-02
1.644638739526271820e-02
1.630322262644767761e-02
3.239072486758232117e-02
2.859221957623958588e-02
6.439080089330673218e-02
3.747296705842018127e-02
5.237969756126403809e-02
2.205697447061538696e-02
3.942249342799186707e-02
3.755947574973106384e-02
9.050303138792514801e-03
3.324794396758079529e-02
2.032499574124813080e-02
3.713836893439292908e-02
1.690284907817840576e-02
2.130621671676635742e-02
3.139209374785423279e-02
1.816866546869277954e-02
2.543774992227554321e-02
3.010054118931293488e-02
4.116330295801162720e-02
1.478603389114141464e-02
6.426536291837692261e-02
3.901351988315582275e-02
1.788422092795372009e-02
2.303276769816875458e-02
2.026103623211383820e-02
2.119670249521732330e-02
2.563121542334556580e-02
3.358825668692588806e-02
1.465715281665325165e-02
4.770124703645706177e-02
2.624665386974811554e-02
2.518939599394798279e-02
1.622633077204227448e-02
3.468399494886398315e-02
1.669325120747089386e-02
2.301105111837387085e-02
2.875044196844100952e-02
4.508288204669952393e-02
2.172661572694778442e-02
1.486636139452457428e-02
2.066728845238685608e-02
1.359037216752767563e-02
2.766903117299079895e-02
3.001472167670726776e-02
1.735715009272098541e-02
1.973741129040718079e-02
3.567390143871307373e-02
3.155204281210899353e-02
4.743409156799316406e-02
1.740726269781589508e-02
2.098190970718860626e-02
4.201553016901016235e-02
1.419602613896131516e-02
4.179060831665992737e-02
2.634122408926486969e-02
2.225439250469207764e-02
1.611371152102947235e-02
2.089880593121051788e-02
4.212665185332298279e-02
1.719898171722888947e-02
4.988951608538627625e-02
5.147667974233627319e-02
2.006958983838558197e-02
3.331319615244865417e-02
2.544803917407989502e-02
1.500629913061857224e-02
4.861416667699813843e-02
3.016845881938934326e-02
3.246849402785301208e-02
2.577177621424198151e-02
1.081681344658136368e-02
2.494278363883495331e-02
2.038832381367683411e-02
3.088071569800376892e-02
4.760643839836120605e-02
2.181906625628471375e-02
1.703576371073722839e-02
1.856799796223640442e-02
2.426822483539581299e-02
3.793693706393241882e-02
2.342111244797706604e-02
3.696249425411224365e-02
2.147228829562664032e-02
2.761197835206985474e-02
1.870454847812652588e-02
4.058799892663955688e-02
4.243329539895057678e-02
2.948790043592453003e-02
9.802666492760181427e-03
2.882079966366291046e-02
2.567255496978759766e-02
2.973909117281436920e-02
2.143228054046630859e-02
1.944360136985778809e-02
5.707007274031639099e-02
1.985658332705497742e-02
2.454393915832042694e-02
1.553026959300041199e-02
5.010224506258964539e-02
1.890531368553638458e-02
4.857346042990684509e-02
1.993624493479728699e-02
1.611615903675556183e-02
3.470866754651069641e-02
3.777971118688583374e-02
3.909030556678771973e-02
2.110011130571365356e-02
1.933027245104312897e-02
1.571238599717617035e-02
2.957611158490180969e-02
2.132076770067214966e-02
5.212440341711044312e-02
1.380496751517057419e-02
4.457512870430946350e-02
1.486660167574882507e-02
3.928652405738830566e-02
1.729347370564937592e-02
1.241633854806423187e-02
4.159459844231605530e-02
3.171125426888465881e-02
1.378208491951227188e-02
1.543787587434053421e-02
1.091331336647272110e-02
2.256903797388076782e-02
3.261328861117362976e-02
7.953390479087829590e-03
3.916202113032341003e-02
6.999790668487548828e-02
3.161364048719406128e-02
3.546388447284698486e-02
4.952279850840568542e-02
4.079679772257804871e-02
3.160578012466430664e-02
3.565674275159835815e-02
2.653397805988788605e-02
2.760736085474491119e-02
2.517048455774784088e-02
4.320020601153373718e-02
3.588199988007545471e-02
2.483388222754001617e-02
2.242942713201045990e-02
2.278554812073707581e-02
2.751350402832031250e-02
2.214719541370868683e-02
5.820827931165695190e-02
2.993530221283435822e-02
2.611776441335678101e-02
2.638585306704044342e-02
4.624076560139656067e-02
2.205572463572025299e-02
2.821511775255203247e-02
2.173038572072982788e-02
2.969459630548954010e-02
2.007905952632427216e-02
3.192882984876632690e-02
3.178174421191215515e-02
2.432102710008621216e-02
3.826568275690078735e-02
2.358344383537769318e-02
3.669689595699310303e-02
2.571506239473819733e-02
2.260899357497692108e-02
4.501061141490936279e-02
2.258066460490226746e-02
2.901426516473293304e-02
5.623547360301017761e-02
2.677889168262481689e-02
2.564380131661891937e-02
1.420025713741779327e-02
2.886011637747287750e-02
1.417210604995489120e-02
2.482999302446842194e-02
1.428895071148872375e-02
1.923931390047073364e-02
1.625290885567665100e-02
2.672975510358810425e-02
2.352603152394294739e-02
2.949365973472595215e-02
2.502759359776973724e-02
5.951948091387748718e-02
3.929117694497108459e-02
1.353254076093435287e-02
5.316958948969841003e-02
4.105735942721366882e-02
2.661088667809963226e-02
3.280393034219741821e-02
2.073521725833415985e-02
1.956748217344284058e-02
3.047499433159828186e-02
5.648843571543693542e-02
1.321239396929740906e-02
