1.919328980147838593e-02
1.539395470172166824e-02
9.182130917906761169e-03
1.212974730879068375e-02
2.236395888030529022e-02
1.917596720159053802e-02
1.350698433816432953e-02
4.189493879675865173e-02
1.223018299788236618e-02
7.747364230453968048e-03
1.937918365001678467e-02
1.224950700998306274e-02
1.899838075041770935e-02
3.083318658173084259e-02
7.247749716043472290e-03
1.535581704229116440e-02
1.291984133422374725e-02
1.118241436779499054e-02
1.470490265637636185e-02
1.677607931196689606e-02
1.023447886109352112e-02
1.499435678124427795e-02
1.827424578368663788e-02
1.125556603074073792e-02
1.178911700844764709e-02
1.009685266762971878e-02
2.493553236126899719e-02
2.042952366173267365e-02
8.121456019580364227e-03
2.520607970654964447e-02
2.029347792267799377e-02
1.092609576880931854e-02
2.997895888984203339e-02
1.578863710165023804e-02
1.756720989942550659e-02
2.958193607628345490e-02
3.030270524322986603e-02
1.181031111627817154e-02
1.905486546456813812e-02
2.596947364509105682e-02
1.707205735146999359e-02
1.172023545950651169e-02
3.741906210780143738e-02
8.338367566466331482e-03
1.738429255783557892e-02
3.034266456961631775e-02
1.599111594259738922e-02
1.114477962255477905e-02
1.238549686968326569e-02
1.917870342731475830e-02
3.412076830863952637e-02
2.429167367517948151e-02
1.571193523705005646e-02
2.545966021716594696e-02
3.120359964668750763e-02
1.006577629595994949e-02
9.333069436252117157e-03
2.044082432985305786e-02
1.326021552085876465e-02
1.147201191633939743e-02
1.600937917828559875e-02
1.308883354067802429e-02
3.536325693130493164e-02
3.529358282685279846e-02
2.511830814182758331e-02
1.489827781915664673e-02
1.486266963183879852e-02
1.635042019188404083e-02
2.159684896469116211e-02
1.269497815519571304e-02
3.171043470501899719e-02
1.632428355515003204e-02
3.276312723755836487e-02
2.752975001931190491e-02
1.070568338036537170e-02
1.914831623435020447e-02
1.490872912108898163e-02
1.849304325878620148e-02
2.653277106583118439e-02
1.632981747388839722e-02
8.634321391582489014e-03
2.610220573842525482e-02
1.337690278887748718e-02
2.728154510259628296e-02
1.377185154706239700e-02
4.137450829148292542e-02
1.302351709455251694e-02
2.174201607704162598e-02
1.228847727179527283e-02
1.639413647353649139e-02
1.441345643252134323e-02
3.283013775944709778e-02
2.599932439625263214e-02
3.911345452070236206e-02
2.199922315776348114e-02
2.767205238342285156e-02
1.419560704380273819e-02
1.476839650422334671e-02
1.987923868000507355e-02
9.035415016114711761e-03
1.717548817396163940e-02
1.230561267584562302e-02
3.700997307896614075e-02
1.911387220025062561e-02
2.268953435122966766e-02
8.392326533794403076e-03
1.749178394675254822e-02
2.650626935064792633e-02
1.192915439605712891e-02
9.382617659866809845e-03
1.495825406163930893e-02
1.598879322409629822e-02
1.664099283516407013e-02
1.844954118132591248e-02
9.821941144764423370e-03
2.077573910355567932e-02
1.078015007078647614e-02
1.002734713256359100e-02
1.382432412356138229e-02
2.968590334057807922e-02
1.317503955215215683e-02
9.262963198125362396e-03
5.865846760571002960e-03
3.297199308872222900e-02
2.409697882831096649e-02
2.542109973728656769e-02
1.574602909386157990e-02
2.207325026392936707e-02
1.303345616906881332e-02
3.505533933639526367e-02
1.679495908319950104e-02
1.376890204846858978e-02
2.479863353073596954e-02
2.347596548497676849e-02
7.759153377264738083e-03
2.228680439293384552e-02
1.214292459189891815e-02
9.117745794355869293e-03
2.411084994673728943e-02
1.217276509851217270e-02
1.417506579309701920e-02
2.081404067575931549e-02
2.912289835512638092e-02
1.494165230542421341e-02
6.603347137570381165e-03
1.120987068861722946e-02
1.010859664529561996e-02
1.875775866210460663e-02
1.161223556846380234e-02
2.029236592352390289e-02
7.168767973780632019e-03
2.710437029600143433e-02
1.177429500967264175e-02
1.945576444268226624e-02
2.661148458719253540e-02
2.084586583077907562e-02
1.526412274688482285e-02
9.496877901256084442e-03
9.302673861384391785e-03
1.968319527804851532e-02
2.182835154235363007e-02
9.895871393382549286e-03
9.524526074528694153e-03
1.821654848754405975e-02
1.095311809331178665e-02
1.349185220897197723e-02
1.758327335119247437e-02
1.202428899705410004e-02
2.110991999506950378e-02
1.460157334804534912e-02
7.582042366266250610e-03
1.803135313093662262e-02
1.073963008821010590e-02
1.955514587461948395e-02
9.222194552421569824e-03
1.318222377449274063e-02
9.856035932898521423e-03
9.061972610652446747e-03
9.594811126589775085e-03
7.927580736577510834e-03
1.335286162793636322e-02
2.997986972332000732e-02
2.386832423508167267e-02
2.373102679848670959e-02
2.901763841509819031e-02
1.639521308243274689e-02
2.039650268852710724e-02
1.554844900965690613e-02
1.776861213147640228e-02
1.680934242904186249e-02
1.005371380597352982e-02
8.540792390704154968e-03
2.954700216650962830e-02
2.790060266852378845e-02
3.495443612337112427e-02
1.092656422406435013e-02
2.420273609459400177e-02
1.231193076819181442e-02
1.774980872869491577e-02
8.545964024960994720e-03
