7.023462653160095215e-02
5.783538520336151123e-02
7.349463552236557007e-02
3.957404196262359619e-02
7.642278075218200684e-02
1.028949171304702759e-01
4.903614521026611328e-02
6.191423162817955017e-02
5.609852448105812073e-02
7.018285244703292847e-02
6.110527366399765015e-02
7.095813006162643433e-02
4.436108469963073730e-02
4.415830597281455994e-02
1.506260335445404053e-01
5.838623270392417908e-02
1.267981380224227905e-01
6.961625069379806519e-02
1.430693417787551880e-01
4.853238537907600403e-02
6.388181447982788086e-02
4.441309720277786255e-02
5.160282924771308899e-02
8.422636240720748901e-02
7.054545730352401733e-02
1.128756180405616760e-01
4.873267188668251038e-02
8.082236349582672119e-02
8.439003676176071167e-02
6.497883051633834839e-02
8.815570175647735596e-02
9.028920531272888184e-02
8.543062955141067505e-02
5.983452126383781433e-02
1.001421064138412476e-01
5.510511994361877441e-02
1.298214197158813477e-01
3.406631201505661011e-02
7.098650187253952026e-02
6.368316709995269775e-02
1.016081944108009338e-01
4.116151109337806702e-02
5.819014832377433777e-02
5.006193369626998901e-02
7.870922982692718506e-02
6.730797886848449707e-02
1.124833151698112488e-01
9.853453934192657471e-02
7.332006096839904785e-02
4.983619228005409241e-02
5.106412619352340698e-02
4.561994969844818115e-02
6.664779782295227051e-02
6.385686993598937988e-02
9.823197126388549805e-02
6.135252863168716431e-02
5.195624008774757385e-02
9.840057790279388428e-02
5.588992312550544739e-02
3.197665512561798096e-02
9.596584737300872803e-02
4.266088083386421204e-02
7.805892825126647949e-02
8.618434518575668335e-02
3.839395195245742798e-02
4.567481577396392822e-02
5.193550884723663330e-02
4.074809327721595764e-02
6.742386519908905029e-02
1.145147308707237244e-01
4.971691593527793884e-02
2.870791219174861908e-02
1.272527575492858887e-01
9.084599465131759644e-02
3.206943348050117493e-02
6.858495622873306274e-02
4.802847653627395630e-02
3.545632958412170410e-02
5.743570253252983093e-02
8.953668177127838135e-02
4.696701094508171082e-02
7.956737279891967773e-02
6.645578145980834961e-02
1.276683956384658813e-01
3.878195956349372864e-02
3.502139449119567871e-02
5.266603827476501465e-02
9.253416955471038818e-02
5.977937951683998108e-02
5.801494047045707703e-02
4.837645962834358215e-02
2.588831186294555664e-01
8.519165962934494019e-02
1.087377741932868958e-01
7.420052587985992432e-02
5.998945981264114380e-02
1.096274256706237793e-01
4.727973416447639465e-02
5.393270403146743774e-02
1.093513071537017822e-01
4.686586931347846985e-02
1.208774000406265259e-01
7.342445105314254761e-02
3.905362635850906372e-02
3.850089758634567261e-02
2.042593359947204590e-01
5.814112722873687744e-02
7.507691532373428345e-02
4.445937648415565491e-02
7.355119287967681885e-02
3.481751680374145508e-02
1.264932602643966675e-01
6.649179011583328247e-02
6.032770499587059021e-02
6.736005097627639771e-02
6.225337088108062744e-02
3.533860668540000916e-02
6.773812323808670044e-02
3.513706475496292114e-02
2.909421920776367188e-02
6.924265623092651367e-02
7.240010797977447510e-02
4.115972295403480530e-02
5.249210447072982788e-02
9.031417220830917358e-02
4.433498531579971313e-02
1.377841085195541382e-01
7.131391763687133789e-02
5.297894775867462158e-02
4.833924025297164917e-02
8.677986264228820801e-02
5.459174513816833496e-02
8.558188378810882568e-02
9.130051732063293457e-02
5.838298052549362183e-02
5.395342409610748291e-02
4.795170947909355164e-02
5.965632200241088867e-02
5.063064023852348328e-02
7.895311713218688965e-02
5.132295936346054077e-02
4.944797605276107788e-02
9.486335515975952148e-02
5.283141508698463440e-02
8.302339166402816772e-02
4.144327715039253235e-02
8.534155040979385376e-02
6.907682120800018311e-02
4.745880886912345886e-02
4.563352838158607483e-02
5.573396757245063782e-02
9.236690402030944824e-02
5.589298531413078308e-02
3.575664386153221130e-02
4.686142131686210632e-02
6.713607162237167358e-02
7.717914134263992310e-02
7.221965491771697998e-02
7.171574980020523071e-02
3.110609203577041626e-02
3.890819102525711060e-02
4.156694933772087097e-02
5.760149657726287842e-02
5.474248528480529785e-02
2.063331007957458496e-01
4.468239098787307739e-02
8.910716325044631958e-02
5.576097592711448669e-02
4.985553771257400513e-02
9.419913589954376221e-02
4.267062991857528687e-02
4.832603782415390015e-02
4.156889393925666809e-02
6.869035959243774414e-02
6.194880977272987366e-02
5.353596806526184082e-02
6.059192121028900146e-02
1.590606719255447388e-01
5.846136808395385742e-02
6.311263144016265869e-02
3.406361117959022522e-02
1.458084583282470703e-01
6.442000716924667358e-02
4.688049480319023132e-02
6.425224244594573975e-02
1.568448394536972046e-01
3.575762733817100525e-02
5.898749828338623047e-02
5.901744589209556580e-02
9.557446092367172241e-02
5.194829031825065613e-02
1.138100698590278625e-01
1.101729497313499451e-01
4.710023850202560425e-02
9.493498504161834717e-02
7.568486779928207397e-02
5.660021305084228516e-02
6.172428652644157410e-02
1.493957191705703735e-01
5.072847008705139160e-02
