2.727710828185081482e-02
4.432108998298645020e-02
6.115752831101417542e-02
5.939097329974174500e-02
5.913697183132171631e-02
4.198640584945678711e-02
7.817874103784561157e-02
3.190339729189872742e-02
1.066922396421432495e-01
3.964110836386680603e-02
9.581814706325531006e-02
8.805938810110092163e-02
4.140724614262580872e-02
5.847480148077011108e-02
5.607396736741065979e-02
6.244548037648200989e-02
6.663575023412704468e-02
6.819789856672286987e-02
4.305745288729667664e-02
1.268555521965026855e-01
5.429639294743537903e-02
3.397462889552116394e-02
4.338293895125389099e-02
9.980029612779617310e-02
6.216446682810783386e-02
3.364313393831253052e-02
4.858962818980216980e-02
5.190553516149520874e-02
3.891955316066741943e-02
5.762972310185432434e-02
2.682999521493911743e-02
5.513297021389007568e-02
5.716472119092941284e-02
7.991392165422439575e-02
5.184382200241088867e-02
3.288935869932174683e-02
2.221676893532276154e-02
3.298820555210113525e-02
1.220608726143836975e-01
8.019632846117019653e-02
6.463800370693206787e-02
1.758595407009124756e-01
6.072474271059036255e-02
4.215589165687561035e-02
4.892341792583465576e-02
3.805911913514137268e-02
5.080464854836463928e-02
3.910679370164871216e-02
5.459341406822204590e-02
7.857599109411239624e-02
5.646056681871414185e-02
3.379303589463233948e-02
6.740970909595489502e-02
1.119484528899192810e-01
4.444345459342002869e-02
6.175741553306579590e-02
3.962973877787590027e-02
4.035056382417678833e-02
3.416469693183898926e-02
3.706018999218940735e-02
5.618213117122650146e-02
6.051029264926910400e-02
3.107174672186374664e-02
3.912868723273277283e-02
1.434118002653121948e-01
6.240864098072052002e-02
3.578183054924011230e-02
3.720693290233612061e-02
6.906322389841079712e-02
3.763427957892417908e-02
7.382658869028091431e-02
2.849319577217102051e-02
5.083728209137916565e-02
7.923342287540435791e-02
1.009452715516090393e-01
8.820974826812744141e-02
5.517160519957542419e-02
6.536911427974700928e-02
4.721253365278244019e-02
7.307404279708862305e-02
4.617249965667724609e-02
3.129417076706886292e-02
6.101039424538612366e-02
8.237614482641220093e-02
5.389390140771865845e-02
3.805135563015937805e-02
4.575610533356666565e-02
4.498695209622383118e-02
6.221198663115501404e-02
6.054022535681724548e-02
4.582329466938972473e-02
4.534528777003288269e-02
4.635177180171012878e-02
3.699022158980369568e-02
4.235366359353065491e-02
3.017116524279117584e-02
5.350533500313758850e-02
2.936764992773532867e-02
7.834165543317794800e-02
4.445905238389968872e-02
4.691687971353530884e-02
3.958223015069961548e-02
5.132535099983215332e-02
9.315029531717300415e-02
5.770918354392051697e-02
3.644633293151855469e-02
5.337032303214073181e-02
4.475419595837593079e-02
8.168131113052368164e-02
3.260188922286033630e-02
4.704365506768226624e-02
3.255264833569526672e-02
4.977229982614517212e-02
4.433599486947059631e-02
4.080481827259063721e-02
4.016697034239768982e-02
3.786260634660720825e-02
3.597733750939369202e-02
2.670941874384880066e-02
3.604622557759284973e-02
1.971560530364513397e-02
5.846167728304862976e-02
6.462742388248443604e-02
5.048288404941558838e-02
1.540947407484054565e-01
5.322844535112380981e-02
6.429439783096313477e-02
7.035326957702636719e-02
3.454869240522384644e-02
2.766552567481994629e-02
7.092837244272232056e-02
7.296460866928100586e-02
9.874463826417922974e-02
7.565886527299880981e-02
4.186169430613517761e-02
9.075617790222167969e-02
9.993608295917510986e-02
6.033439934253692627e-02
3.241550549864768982e-02
2.461265958845615387e-02
5.887541919946670532e-02
5.901159718632698059e-02
4.545012116432189941e-02
5.164251103997230530e-02
5.224041640758514404e-02
3.445887938141822815e-02
6.916320323944091797e-02
3.566579893231391907e-02
3.296923264861106873e-02
3.977164253592491150e-02
2.786235697567462921e-02
3.349408879876136780e-02
7.675036787986755371e-02
1.106068119406700134e-01
3.776128217577934265e-02
7.596071809530258179e-02
3.839474171400070190e-02
4.090936854481697083e-02
3.608284890651702881e-02
1.147277876734733582e-01
5.566939339041709900e-02
4.084893688559532166e-02
2.703386172652244568e-02
4.806903377175331116e-02
3.151181712746620178e-02
6.310888379812240601e-02
5.477363616228103638e-02
4.398507252335548401e-02
2.513526193797588348e-02
5.919147655367851257e-02
3.695681691169738770e-02
2.881587855517864227e-02
1.216982454061508179e-01
3.862318024039268494e-02
6.914411485195159912e-02
6.618525087833404541e-02
6.733673810958862305e-02
4.666920006275177002e-02
8.042355626821517944e-02
6.127552688121795654e-02
4.757848381996154785e-02
1.131615489721298218e-01
6.250245869159698486e-02
7.598477602005004883e-02
3.608773648738861084e-02
4.974329471588134766e-02
5.010376125574111938e-02
4.262051358819007874e-02
5.464682728052139282e-02
4.387207329273223877e-02
4.471511393785476685e-02
5.028685554862022400e-02
6.688079982995986938e-02
3.615047410130500793e-02
3.310894593596458435e-02
1.004647165536880493e-01
1.070671975612640381e-01
5.934960022568702698e-02
5.188022553920745850e-02
6.008091196417808533e-02
