1.210478506982326508e-02
1.089650578796863556e-02
2.093834988772869110e-02
3.258457779884338379e-02
1.086409483104944229e-02
8.758015930652618408e-03
1.566103845834732056e-02
9.552865289151668549e-03
2.404322475194931030e-02
3.562350198626518250e-02
1.557430997490882874e-02
4.715657234191894531e-02
1.166230067610740662e-02
1.785547286272048950e-02
1.603859476745128632e-02
1.354599278420209885e-02
2.105174213647842407e-02
1.087443064898252487e-02
1.899825222790241241e-02
2.361892536282539368e-02
1.953048259019851685e-02
1.809765584766864777e-02
2.070197835564613342e-02
3.798302263021469116e-02
3.556800633668899536e-02
1.156727317720651627e-02
1.679810322821140289e-02
8.415498770773410797e-03
1.241450477391481400e-02
2.078923210501670837e-02
1.247548591345548630e-02
1.409960072487592697e-02
2.150857076048851013e-02
1.254253275692462921e-02
1.144487131386995316e-02
2.094784751534461975e-02
9.787282906472682953e-03
2.283530309796333313e-02
1.573239080607891083e-02
2.455913834273815155e-02
9.485634043812751770e-03
1.347747538238763809e-02
1.339037064462900162e-02
1.360792666673660278e-02
1.709366776049137115e-02
1.583234220743179321e-02
2.025601826608181000e-02
1.350314635783433914e-02
2.783616445958614349e-02
2.175730653107166290e-02
2.984240092337131500e-02
1.725885644555091858e-02
1.152723841369152069e-02
1.934419013559818268e-02
3.252436965703964233e-02
2.833008766174316406e-02
8.399082347750663757e-03
2.657061628997325897e-02
1.043329387903213501e-02
2.499567344784736633e-02
9.287127293646335602e-03
9.510718286037445068e-03
9.322452358901500702e-03
2.740812115371227264e-02
2.051655203104019165e-02
1.787010580301284790e-02
1.066625956445932388e-02
1.346736773848533630e-02
3.341956436634063721e-02
1.144510786980390549e-02
1.012302096933126450e-02
1.049428340047597885e-02
2.379723079502582550e-02
1.918397285044193268e-02
1.282607670873403549e-02
2.076911926269531250e-02
1.718572527170181274e-02
1.237774454057216644e-02
7.167898584157228470e-03
2.681678533554077148e-02
1.539118681102991104e-02
2.347505465149879456e-02
1.714785583317279816e-02
1.068553421646356583e-02
2.738076634705066681e-02
1.441970467567443848e-02
3.147958219051361084e-02
2.614690735936164856e-02
2.634361013770103455e-02
1.960711926221847534e-02
2.910321205854415894e-02
1.465457491576671600e-02
1.212139334529638290e-02
1.184488460421562195e-02
2.640744857490062714e-02
1.678235270082950592e-02
1.479479018598794937e-02
1.305010169744491577e-02
1.294676959514617920e-02
9.423540905117988586e-03
8.039882406592369080e-03
4.250241070985794067e-02
8.629434742033481598e-03
9.641598910093307495e-03
2.419020235538482666e-02
2.693689800798892975e-02
1.263831835240125656e-02
1.854198984801769257e-02
1.301382295787334442e-02
1.464691292494535446e-02
2.365297265350818634e-02
1.503647025674581528e-02
1.617113687098026276e-02
1.164013333618640900e-02
1.377223990857601166e-02
1.374520082026720047e-02
3.383702039718627930e-02
2.680498547852039337e-02
1.735178567469120026e-02
3.293904289603233337e-02
1.442433707416057587e-02
1.847845315933227539e-02
2.292286045849323273e-02
2.724523097276687622e-02
1.555816084146499634e-02
2.842484600841999054e-02
9.842378087341785431e-03
1.556689199060201645e-02
1.961287297308444977e-02
2.108385786414146423e-02
2.092485874891281128e-02
7.840517908334732056e-03
2.886992692947387695e-02
3.736936673521995544e-02
1.235408801585435867e-02
3.040119074285030365e-02
2.058177068829536438e-02
2.872259169816970825e-02
1.376719493418931961e-02
1.619163900613784790e-02
3.947313502430915833e-02
1.528670545667409897e-02
3.117267042398452759e-02
1.842477545142173767e-02
4.321186989545822144e-02
2.535151131451129913e-02
1.048840302973985672e-02
1.523999124765396118e-02
3.728830441832542419e-02
1.616514101624488831e-02
2.421287074685096741e-02
1.414099521934986115e-02
2.806674130260944366e-02
1.145375985652208328e-02
3.596343100070953369e-02
2.646481990814208984e-02
2.030835486948490143e-02
2.732420712709426880e-02
2.309686876833438873e-02
1.224983576685190201e-02
2.169617824256420135e-02
1.078715361654758453e-02
1.713027991354465485e-02
1.273302361369132996e-02
1.319326460361480713e-02
2.923158556222915649e-02
3.659628331661224365e-02
2.001401223242282867e-02
1.176607608795166016e-02
1.121975202113389969e-02
2.288657426834106445e-02
3.432681784033775330e-02
1.524691749364137650e-02
1.737396791577339172e-02
3.709938749670982361e-02
1.688678003847599030e-02
1.315465476363897324e-02
1.614431850612163544e-02
2.228048816323280334e-02
2.985407970845699310e-02
7.754745893180370331e-03
1.574164442718029022e-02
1.440523657947778702e-02
1.510850340127944946e-02
1.928947679698467255e-02
6.310684606432914734e-03
1.458510290831327438e-02
2.262575924396514893e-02
1.542082242667675018e-02
2.387572266161441803e-02
1.926968805491924286e-02
2.015135437250137329e-02
1.645770482718944550e-02
2.223513275384902954e-02
1.705856807529926300e-02
2.308698184788227081e-02
2.428472973406314850e-02
3.303651139140129089e-02
1.041110977530479431e-02
1.031845156103372574e-02
