4.340652748942375183e-02
2.059742249548435211e-02
1.689648628234863281e-02
2.308382093906402588e-02
2.264939807355403900e-02
2.577693760395050049e-02
2.202831022441387177e-02
2.205244265496730804e-02
2.680149860680103302e-02
1.688571088016033173e-02
1.378061808645725250e-02
1.881241798400878906e-02
1.689889654517173767e-02
3.457468375563621521e-02
1.182197220623493195e-02
4.993631690740585327e-02
5.027691647410392761e-02
3.212254121899604797e-02
2.305769361555576324e-02
1.893660053610801697e-02
4.166505858302116394e-02
1.838050596415996552e-02
2.502639777958393097e-02
2.336170151829719543e-02
3.900115564465522766e-02
1.263736933469772339e-02
2.379953116178512573e-02
1.999674737453460693e-02
2.277830243110656738e-02
1.704313978552818298e-02
4.980843141674995422e-02
2.191875688731670380e-02
2.098800987005233765e-02
4.959945008158683777e-02
2.676979638636112213e-02
3.574309870600700378e-02
2.337196469306945801e-02
4.139117151498794556e-02
2.347105741500854492e-02
1.409460604190826416e-02
4.527097195386886597e-02
4.811602458357810974e-02
2.215562760829925537e-02
3.741471096873283386e-02
2.249160222709178925e-02
1.128400675952434540e-02
2.006666548550128937e-02
9.374618530273437500e-03
4.099987447261810303e-02
2.109515853226184845e-02
1.667347364127635956e-02
2.386120893061161041e-02
3.282636776566505432e-02
2.568411454558372498e-02
1.743174158036708832e-02
2.147186174988746643e-02
2.205960638821125031e-02
1.462434511631727219e-02
3.489074110984802246e-02
1.906828023493289948e-02
2.833436802029609680e-02
2.726683393120765686e-02
3.972455486655235291e-02
2.483732439577579498e-02
2.447301335632801056e-02
3.850812092423439026e-02
1.244142185896635056e-02
1.852201297879219055e-02
1.725477725267410278e-02
3.248799219727516174e-02
2.564149163663387299e-02
3.149254992604255676e-02
2.958968654274940491e-02
1.606640033423900604e-02
1.268344279378652573e-02
1.315885130316019058e-02
1.126504968851804733e-02
1.599249430000782013e-02
1.509219966828823090e-02
2.211890555918216705e-02
2.350095659494400024e-02
1.900281384587287903e-02
1.471335161477327347e-02
1.369223371148109436e-02
1.698140427470207214e-02
2.409979514777660370e-02
2.592695131897926331e-02
7.480698172003030777e-03
3.004581108689308167e-02
1.356028672307729721e-02
3.084765933454036713e-02
1.108655799180269241e-02
2.492732182145118713e-02
2.030017413198947906e-02
2.302744425833225250e-02
2.010759525001049042e-02
4.976658150553703308e-02
1.289371680468320847e-02
2.053609862923622131e-02
2.309850603342056274e-02
3.148271515965461731e-02
1.361847016960382462e-02
1.735483668744564056e-02
1.442133262753486633e-02
2.440613508224487305e-02
1.543812640011310577e-02
3.242011740803718567e-02
2.791755273938179016e-02
3.184273838996887207e-02
1.512460224330425262e-02
2.384059876203536987e-02
1.330575253814458847e-02
5.802164226770401001e-02
2.892807498574256897e-02
2.071679010987281799e-02
2.129196003079414368e-02
2.718192152678966522e-02
1.632973924279212952e-02
2.587046846747398376e-02
3.308406844735145569e-02
3.685954585671424866e-02
1.413558702915906906e-02
1.298189815133810043e-02
3.928187489509582520e-02
1.810705475509166718e-02
1.665437780320644379e-02
1.136255264282226562e-02
3.475096076726913452e-02
4.833897575736045837e-02
3.034426458179950714e-02
4.325322806835174561e-02
2.437189407646656036e-02
3.169864416122436523e-02
3.959018364548683167e-02
2.604645490646362305e-02
1.472623087465763092e-02
1.966709457337856293e-02
3.344130516052246094e-02
5.333373323082923889e-02
4.186692088842391968e-02
4.315362498164176941e-02
2.807068452239036560e-02
1.472758408635854721e-02
2.097978815436363220e-02
2.714467979967594147e-02
2.200368605554103851e-02
1.945643872022628784e-02
1.127528864890336990e-02
3.458369150757789612e-02
3.708373755216598511e-02
4.113509878516197205e-02
2.585512213408946991e-02
4.403404891490936279e-02
1.892718486487865448e-02
6.375749409198760986e-02
2.432767115533351898e-02
2.330273017287254333e-02
3.987320885062217712e-02
4.044298082590103149e-02
3.363300114870071411e-02
1.940183155238628387e-02
5.934429541230201721e-02
2.034594863653182983e-02
1.159311179071664810e-02
3.067971952259540558e-02
2.432559616863727570e-02
3.093480505049228668e-02
5.043532326817512512e-02
2.201554179191589355e-02
2.310985513031482697e-02
2.058335021138191223e-02
9.032689034938812256e-03
1.915218681097030640e-02
4.734922945499420166e-02
2.706732973456382751e-02
3.314052522182464600e-02
3.343140333890914917e-02
1.964859664440155029e-02
2.609847672283649445e-02
5.405460670590400696e-02
1.946835406124591827e-02
2.170343883335590363e-02
1.194988377392292023e-02
5.971708521246910095e-02
3.838812559843063354e-02
4.580844938755035400e-02
3.016285039484500885e-02
6.581816077232360840e-02
2.163231559097766876e-02
3.466328233480453491e-02
2.843226678669452667e-02
2.329564094543457031e-02
5.387058481574058533e-02
3.706128895282745361e-02
1.556502003222703934e-02
1.863079518079757690e-02
2.841721661388874054e-02
5.211783200502395630e-02
4.736027121543884277e-02
2.061836607754230499e-02
