3.721876442432403564e-02
4.028928652405738831e-02
5.136113986372947693e-02
3.394449129700660706e-02
5.040571838617324829e-02
3.507839143276214600e-02
2.368783950805664062e-02
3.792582079768180847e-02
2.910891547799110413e-02
2.821119315922260284e-02
1.821786910295486450e-02
2.459312416613101959e-02
2.135722711682319641e-02
5.767555534839630127e-02
3.657728061079978943e-02
3.066004253923892975e-02
3.641738370060920715e-02
4.517140612006187439e-02
3.118285350501537323e-02
1.883612014353275299e-02
3.957804292440414429e-02
3.901425376534461975e-02
8.112021535634994507e-02
1.901087723672389984e-02
3.337566554546356201e-02
2.141512371599674225e-02
3.380388393998146057e-02
2.214244939386844635e-02
2.987470664083957672e-02
1.608065329492092133e-02
1.988204754889011383e-02
4.787358641624450684e-02
2.175583131611347198e-02
1.456174161285161972e-02
6.052664667367935181e-02
4.280335828661918640e-02
4.854074120521545410e-02
3.372091799974441528e-02
2.219596318900585175e-02
6.824917346239089966e-02
3.416706994175910950e-02
4.578182846307754517e-02
2.712650783360004425e-02
1.519220415502786636e-02
4.134140163660049438e-02
2.286142483353614807e-02
2.306209690868854523e-02
2.482680790126323700e-02
2.740866318345069885e-02
3.531729429960250854e-02
7.093827426433563232e-02
4.231096059083938599e-02
5.889844149351119995e-02
2.214092761278152466e-02
7.178802043199539185e-02
2.305666357278823853e-02
2.374736219644546509e-02
3.909225016832351685e-02
2.528123930096626282e-02
2.887560799717903137e-02
4.353796690702438354e-02
1.610445603728294373e-02
4.549109563231468201e-02
2.702440135180950165e-02
3.072835691273212433e-02
1.747446507215499878e-02
3.359687700867652893e-02
8.121931552886962891e-02
1.998018287122249603e-02
5.982775613665580750e-02
1.817652955651283264e-02
2.826873213052749634e-02
3.990969061851501465e-02
1.821716688573360443e-02
5.390698835253715515e-02
4.272672906517982483e-02
2.008658833801746368e-02
2.842424623668193817e-02
4.312236979603767395e-02
5.293141677975654602e-02
4.926497116684913635e-02
3.502757474780082703e-02
4.021934419870376587e-02
1.741442456841468811e-02
2.943431958556175232e-02
2.654808759689331055e-02
3.096493147313594818e-02
3.671756014227867126e-02
1.811047084629535675e-02
2.217363566160202026e-02
2.381803467869758606e-02
5.900993198156356812e-02
3.113848157227039337e-02
4.067932069301605225e-02
2.330897003412246704e-02
8.240237832069396973e-02
6.982740014791488647e-02
4.117739200592041016e-02
2.171302028000354767e-02
2.275439724326133728e-02
4.804829880595207214e-02
5.242960900068283081e-02
4.289837181568145752e-02
2.928060665726661682e-02
4.381297901272773743e-02
3.140241652727127075e-02
2.872774191200733185e-02
1.359312515705823898e-02
8.188988268375396729e-02
5.441646277904510498e-02
2.582140825688838959e-02
2.501685917377471924e-02
4.036690667271614075e-02
3.290235251188278198e-02
2.792655117809772491e-02
1.769693195819854736e-02
2.847429923713207245e-02
3.716209158301353455e-02
2.012696489691734314e-02
2.334596775472164154e-02
3.817939385771751404e-02
7.268346846103668213e-02
7.149199396371841431e-02
2.135967276990413666e-02
4.180095344781875610e-02
4.092957079410552979e-02
5.193392187356948853e-02
1.922080293297767639e-02
2.857248298823833466e-02
4.595568403601646423e-02
1.576390489935874939e-02
2.710210718214511871e-02
4.216818511486053467e-02
4.858291894197463989e-02
2.724160626530647278e-02
2.121806144714355469e-02
2.763409726321697235e-02
3.896902129054069519e-02
4.231059923768043518e-02
3.347335755825042725e-02
2.390297874808311462e-02
2.545432001352310181e-02
3.769989311695098877e-02
5.076531693339347839e-02
3.188340365886688232e-02
4.159510880708694458e-02
4.872874543070793152e-02
4.594482481479644775e-02
7.852542400360107422e-02
3.021603822708129883e-02
5.968491360545158386e-02
3.841530904173851013e-02
2.919296175241470337e-02
1.313309278339147568e-02
3.017474152147769928e-02
2.509288862347602844e-02
3.034032508730888367e-02
3.328302502632141113e-02
4.980992153286933899e-02
3.565664216876029968e-02
3.665759414434432983e-02
1.978467218577861786e-02
4.273160174489021301e-02
2.760548144578933716e-02
3.638038411736488342e-02
6.117825582623481750e-02
3.606370463967323303e-02
5.463352426886558533e-02
2.137621864676475525e-02
3.304520621895790100e-02
3.676996007561683655e-02
2.412967197597026825e-02
6.034672632813453674e-02
5.139340832829475403e-02
4.855255037546157837e-02
2.765593305230140686e-02
6.381527334451675415e-02
6.080214679241180420e-02
2.030370943248271942e-02
5.812393873929977417e-02
3.250654414296150208e-02
2.088925614953041077e-02
2.551545016467571259e-02
4.429951682686805725e-02
3.915265202522277832e-02
7.180289924144744873e-02
2.429366298019886017e-02
2.797883376479148865e-02
4.735914245247840881e-02
4.769982397556304932e-02
5.739382654428482056e-02
3.024388663470745087e-02
4.629428312182426453e-02
1.804405264556407928e-02
3.435291722416877747e-02
4.202669113874435425e-02
5.910483375191688538e-02
2.247529849410057068e-02
3.237174451351165771e-02
3.468465432524681091e-02
