2.787722088396549225e-02
6.409651786088943481e-02
4.307993128895759583e-02
3.893823176622390747e-02
5.149364471435546875e-02
2.950474992394447327e-02
4.396079108119010925e-02
2.352117002010345459e-02
3.254983574151992798e-02
2.373569458723068237e-02
2.439940162003040314e-02
2.297597378492355347e-02
1.191350352019071579e-02
1.966733857989311218e-02
3.864709660410881042e-02
4.139605164527893066e-02
2.500720135867595673e-02
2.847915515303611755e-02
3.054140508174896240e-02
2.561942301690578461e-02
7.250130921602249146e-02
4.576224088668823242e-02
1.584621891379356384e-02
8.571170270442962646e-02
6.494970619678497314e-02
2.485720068216323853e-02
2.951602078974246979e-02
2.266819775104522705e-02
3.450266644358634949e-02
5.449222773313522339e-02
5.408663302659988403e-02
7.290789484977722168e-02
3.614701703190803528e-02
2.903986722230911255e-02
6.044842302799224854e-02
3.326987475156784058e-02
2.079429477453231812e-02
3.002581372857093811e-02
6.984296441078186035e-02
2.278158813714981079e-02
3.435284644365310669e-02
4.819375649094581604e-02
2.705160155892372131e-02
2.253441512584686279e-02
2.343740686774253845e-02
3.012836910784244537e-02
1.481150090694427490e-02
1.410760916769504547e-02
3.680248558521270752e-02
3.587422147393226624e-02
2.328350581228733063e-02
3.181442618370056152e-02
5.661875382065773010e-02
5.027780681848526001e-02
2.340105362236499786e-02
2.685786969959735870e-02
2.683175727725028992e-02
6.519924849271774292e-02
5.094598978757858276e-02
2.963131666183471680e-02
1.968191005289554596e-02
4.090325906872749329e-02
4.586777091026306152e-02
1.925316080451011658e-02
2.748331241309642792e-02
4.296343401074409485e-02
2.019956335425376892e-02
2.159936353564262390e-02
6.186412647366523743e-02
1.905331015586853027e-02
5.007435753941535950e-02
4.408494010567665100e-02
3.180954232811927795e-02
3.039422072470188141e-02
3.878457844257354736e-02
2.705669589340686798e-02
4.204325750470161438e-02
2.608793228864669800e-02
6.539942324161529541e-02
4.885638132691383362e-02
3.876633569598197937e-02
2.030072920024394989e-02
7.189801335334777832e-02
1.456511672586202621e-02
2.184985391795635223e-02
4.058690369129180908e-02
2.603183500468730927e-02
6.760829687118530273e-02
4.851035401225090027e-02
2.741180546581745148e-02
2.336748503148555756e-02
4.158600047230720520e-02
2.099239639937877655e-02
1.726017147302627563e-02
3.176003322005271912e-02
5.330948159098625183e-02
1.716944016516208649e-02
5.264200642704963684e-02
1.747187972068786621e-02
3.713773190975189209e-02
4.088018834590911865e-02
2.692368626594543457e-02
3.128634393215179443e-02
6.565450131893157959e-02
1.749681867659091949e-02
2.019500732421875000e-02
2.056209929287433624e-02
2.981907501816749573e-02
3.020738437771797180e-02
3.205651789903640747e-02
3.915664181113243103e-02
4.284167289733886719e-02
5.699498578906059265e-02
4.100218042731285095e-02
2.916110679507255554e-02
2.221050672233104706e-02
3.219333663582801819e-02
3.697172924876213074e-02
4.785771667957305908e-02
5.067291110754013062e-02
3.234139829874038696e-02
4.636207967996597290e-02
2.106720022857189178e-02
1.681896857917308807e-02
3.317873552441596985e-02
3.694562613964080811e-02
3.078193962574005127e-02
2.566722407937049866e-02
1.802369020879268646e-02
6.532811373472213745e-02
2.414460107684135437e-02
3.368422389030456543e-02
7.125666737556457520e-02
2.074993588030338287e-02
4.641511291265487671e-02
2.542307972908020020e-02
2.806406468152999878e-02
3.802299499511718750e-02
3.749439865350723267e-02
1.686233095824718475e-02
3.267974406480789185e-02
3.586977347731590271e-02
5.337359011173248291e-02
3.565963730216026306e-02
4.363902658224105835e-02
3.795935586094856262e-02
4.488193243741989136e-02
2.755830623209476471e-02
1.834764517843723297e-02
3.588455542922019958e-02
2.898720838129520416e-02
3.628291189670562744e-02
1.429133024066686630e-02
4.632199555635452271e-02
3.435394912958145142e-02
2.566471137106418610e-02
1.810083538293838501e-02
2.631869167089462280e-02
4.607364162802696228e-02
3.338693454861640930e-02
2.388742752373218536e-02
5.689536035060882568e-02
2.149095200002193451e-02
7.040023058652877808e-02
2.029910683631896973e-02
1.538924500346183777e-02
4.267236217856407166e-02
3.977663815021514893e-02
3.406024724245071411e-02
6.678873300552368164e-02
3.375427052378654480e-02
4.001086950302124023e-02
2.034844271838665009e-02
1.806725747883319855e-02
2.717714197933673859e-02
3.345990553498268127e-02
2.464465796947479248e-02
2.263674885034561157e-02
1.955528184771537781e-02
3.140148520469665527e-02
7.130986452102661133e-02
3.304804861545562744e-02
2.284339256584644318e-02
2.230424806475639343e-02
3.105285391211509705e-02
4.234769567847251892e-02
2.822075784206390381e-02
2.654840238392353058e-02
5.097409337759017944e-02
4.969101771712303162e-02
3.019515797495841980e-02
4.756975173950195312e-02
2.898075617849826813e-02
2.549294941127300262e-02
2.703547663986682892e-02
3.382674977183341980e-02
2.507284097373485565e-02
3.185562789440155029e-02
9.883176535367965698e-03
4.263768345117568970e-02
