3.325869888067245483e-02
2.715517021715641022e-02
4.631782695651054382e-02
1.249112095683813095e-02
3.463301435112953186e-02
1.805885136127471924e-02
1.136849168688058853e-02
1.161644421517848969e-02
1.335347816348075867e-02
2.943931333720684052e-02
9.086709469556808472e-03
2.673153392970561981e-02
3.491238132119178772e-02
1.825037039816379547e-02
1.999392732977867126e-02
2.983905561268329620e-02
1.284028030931949615e-02
1.051488053053617477e-02
2.668412774801254272e-02
1.041477266699075699e-02
2.534555457532405853e-02
2.159059792757034302e-02
1.939221471548080444e-02
1.344605255872011185e-02
1.308495178818702698e-02
8.318279869854450226e-03
3.175601735711097717e-02
4.179446771740913391e-02
1.153118070214986801e-02
9.799050167202949524e-03
2.788385190069675446e-02
1.990471407771110535e-02
3.196956217288970947e-02
2.379905059933662415e-02
3.422955796122550964e-02
1.565368101000785828e-02
3.207405284047126770e-02
1.727709546685218811e-02
1.763832010328769684e-02
3.983803093433380127e-02
2.679890021681785583e-02
2.401029877364635468e-02
2.491440251469612122e-02
3.032992593944072723e-02
1.705373637378215790e-02
2.213765867054462433e-02
1.605025120079517365e-02
1.223258208483457565e-02
9.371135383844375610e-03
1.787553541362285614e-02
2.014116942882537842e-02
3.616177290678024292e-02
3.877483308315277100e-02
2.173012681305408478e-02
8.386339992284774780e-03
2.026896923780441284e-02
1.599418744444847107e-02
1.186625193804502487e-02
2.001795545220375061e-02
1.758859679102897644e-02
1.051419973373413086e-02
1.553185284137725830e-02
1.926811970770359039e-02
1.010907627642154694e-02
2.163486368954181671e-02
4.460126906633377075e-02
1.510833483189344406e-02
2.766003087162971497e-02
2.266787737607955933e-02
2.638375572860240936e-02
1.705877296626567841e-02
2.873437292873859406e-02
1.399815827608108521e-02
1.895020902156829834e-02
1.238514110445976257e-02
2.111625298857688904e-02
1.790489815175533295e-02
1.347932964563369751e-02
1.428835839033126831e-02
2.830927446484565735e-02
1.386963948607444763e-02
1.809720322489738464e-02
2.488307096064090729e-02
2.646020613610744476e-02
1.762957870960235596e-02
1.009732950478792191e-02
2.084117196500301361e-02
1.342865079641342163e-02
1.315410900861024857e-02
1.572849601507186890e-02
2.085913531482219696e-02
9.371828287839889526e-03
2.350349351763725281e-02
2.813277207314968109e-02
1.144153345376253128e-02
1.421042345464229584e-02
9.116931818425655365e-03
1.279420498758554459e-02
1.215355470776557922e-02
1.485034450888633728e-02
2.216551452875137329e-02
1.638257689774036407e-02
1.816762797534465790e-02
6.063667591661214828e-03
1.660942286252975464e-02
1.959108002483844757e-02
1.216473616659641266e-02
1.306470483541488647e-02
2.090163342654705048e-02
1.405043154954910278e-02
2.110869996249675751e-02
4.524686187505722046e-02
1.359745301306247711e-02
1.285610813647508621e-02
3.463998809456825256e-02
1.175146456807851791e-02
1.740504615008831024e-02
2.490996941924095154e-02
1.987347751855850220e-02
2.289781905710697174e-02
8.929152041673660278e-03
1.092809252440929413e-02
1.860569231212139130e-02
1.592133380472660065e-02
1.135454978793859482e-02
1.903192698955535889e-02
9.304600767791271210e-03
1.108428090810775757e-02
3.332223743200302124e-02
2.219319529831409454e-02
1.020046044141054153e-02
9.414653293788433075e-03
1.112498156726360321e-02
1.504238694906234741e-02
1.436735875904560089e-02
2.031486481428146362e-02
1.930376328527927399e-02
2.213633432984352112e-02
7.615183480083942413e-03
2.682197839021682739e-02
3.002493642270565033e-02
3.227095305919647217e-02
1.404603105038404465e-02
1.216212753206491470e-02
1.829876191914081573e-02
2.287222258746623993e-02
2.353562787175178528e-02
2.977836318314075470e-02
1.909954845905303955e-02
1.146185584366321564e-02
2.248856611549854279e-02
3.332251682877540588e-02
1.164740975946187973e-02
3.686644136905670166e-02
2.416673116385936737e-02
9.391241706907749176e-03
3.946781158447265625e-02
2.522694878280162811e-02
3.272783383727073669e-02
1.244765147566795349e-02
1.672396622598171234e-02
4.369423165917396545e-02
1.400709338486194611e-02
1.684413850307464600e-02
3.551504760980606079e-02
1.245379447937011719e-02
1.753781735897064209e-02
2.183480560779571533e-02
2.421396225690841675e-02
1.721873693168163300e-02
1.346336584538221359e-02
1.628443598747253418e-02
3.157199919223785400e-02
1.488689426332712173e-02
2.806373313069343567e-02
1.760072819888591766e-02
2.488723956048488617e-02
1.530269160866737366e-02
1.646024174988269806e-02
1.714698225259780884e-02
1.528483536094427109e-02
1.652951352298259735e-02
1.494180597364902496e-02
3.094685636460781097e-02
3.277657553553581238e-02
1.179550308734178543e-02
1.976198703050613403e-02
9.004339575767517090e-03
1.719418354332447052e-02
2.260672673583030701e-02
1.567557640373706818e-02
3.069015033543109894e-02
1.776918955147266388e-02
1.316375564783811569e-02
3.516762331128120422e-02
1.214844733476638794e-02
2.695697546005249023e-02
3.089920617640018463e-02
2.299730665981769562e-02
2.050630562007427216e-02
