4.335035383701324463e-02
4.165410995483398438e-02
3.502146899700164795e-02
5.819843336939811707e-02
3.206745162606239319e-02
7.906116545200347900e-02
4.462740197777748108e-02
5.200231820344924927e-02
3.365598246455192566e-02
4.303513467311859131e-02
2.202126011252403259e-02
8.493015170097351074e-02
3.559614717960357666e-02
4.113803803920745850e-02
3.411625325679779053e-02
5.284089967608451843e-02
4.228046536445617676e-02
2.085400372743606567e-02
4.846633225679397583e-02
4.234533756971359253e-02
5.085060745477676392e-02
6.200803816318511963e-02
3.819872811436653137e-02
7.774618268013000488e-02
3.042455390095710754e-02
3.017547354102134705e-02
5.830065533518791199e-02
2.870571613311767578e-02
2.269964478909969330e-02
2.519750222563743591e-02
6.979182362556457520e-02
4.966708272695541382e-02
5.573839694261550903e-02
3.948828205466270447e-02
2.268110029399394989e-02
2.041569538414478302e-02
2.216947078704833984e-02
5.386072769761085510e-02
4.221267998218536377e-02
4.413800314068794250e-02
1.845367811620235443e-02
3.936383500695228577e-02
3.938736394047737122e-02
3.347453847527503967e-02
2.975833229720592499e-02
3.352838009595870972e-02
3.770845010876655579e-02
2.461798675358295441e-02
2.406416647136211395e-02
3.138474747538566589e-02
2.450250089168548584e-02
2.587425336241722107e-02
4.856436327099800110e-02
2.009588293731212616e-02
3.328398987650871277e-02
2.966715954244136810e-02
3.169672191143035889e-02
3.708340227603912354e-02
2.509567327797412872e-02
4.023328796029090881e-02
1.136377379298210144e-01
2.044703997671604156e-02
5.094116181135177612e-02
2.877633087337017059e-02
4.733534902334213257e-02
2.124835178256034851e-02
1.984623260796070099e-02
1.341338008642196655e-01
2.839600853621959686e-02
1.672581210732460022e-02
4.160877317190170288e-02
7.652703672647476196e-02
6.069930270314216614e-02
8.864048123359680176e-02
5.319356545805931091e-02
3.287739679217338562e-02
1.044629216194152832e-01
2.849632501602172852e-02
4.661173373460769653e-02
5.735027045011520386e-02
4.787370935082435608e-02
3.593801707029342651e-02
2.622225508093833923e-02
5.342831835150718689e-02
6.770323961973190308e-02
3.225524351000785828e-02
4.109808057546615601e-02
3.822826594114303589e-02
6.070109829306602478e-02
7.301419973373413086e-02
2.840493060648441315e-02
4.863422363996505737e-02
5.851279944181442261e-02
5.666988715529441833e-02
3.791267424821853638e-02
4.321785643696784973e-02
5.793215334415435791e-02
2.973172441124916077e-02
6.874017417430877686e-02
7.502334564924240112e-02
9.826265275478363037e-02
3.841181099414825439e-02
3.804337605834007263e-02
8.416601270437240601e-02
2.415965311229228973e-02
1.163312494754791260e-01
3.253373131155967712e-02
3.941342607140541077e-02
3.760983049869537354e-02
4.774232953786849976e-02
3.491690009832382202e-02
8.530551940202713013e-02
2.729104273021221161e-02
6.152836978435516357e-02
4.899508878588676453e-02
3.764083236455917358e-02
4.675962403416633606e-02
6.897369772195816040e-02
1.167131438851356506e-01
9.467106312513351440e-02
4.037068039178848267e-02
5.653696134686470032e-02
9.307700395584106445e-02
3.805424645543098450e-02
3.253272548317909241e-02
8.335904777050018311e-02
1.036529690027236938e-01
6.427551805973052979e-02
6.407377868890762329e-02
2.467453107237815857e-02
3.764960542321205139e-02
7.419131696224212646e-02
2.626241743564605713e-02
6.550253182649612427e-02
4.446579515933990479e-02
3.253353387117385864e-02
9.410615265369415283e-02
8.671520650386810303e-02
3.140813484787940979e-02
5.805638805031776428e-02
4.848377779126167297e-02
3.144210949540138245e-02
4.586014151573181152e-02
5.347954109311103821e-02
6.336818635463714600e-02
4.081507772207260132e-02
6.908318400382995605e-02
4.835703223943710327e-02
2.737339027225971222e-02
3.724380210041999817e-02
5.272967740893363953e-02
1.813445240259170532e-02
4.462937638163566589e-02
2.933566831052303314e-02
3.981585055589675903e-02
5.683243274688720703e-02
9.743846952915191650e-02
3.743638098239898682e-02
5.964796617627143860e-02
5.829176679253578186e-02
5.058977007865905762e-02
3.790608048439025879e-02
2.525173500180244446e-02
2.121029607951641083e-02
4.884742572903633118e-02
3.012241236865520477e-02
3.441904485225677490e-02
2.233062312006950378e-02
3.328648954629898071e-02
4.195516929030418396e-02
2.374533191323280334e-02
5.742808058857917786e-02
6.493111699819564819e-02
2.284569293260574341e-02
3.513071313500404358e-02
3.907223790884017944e-02
5.127317830920219421e-02
4.310524091124534607e-02
2.395861595869064331e-02
3.890456259250640869e-02
1.638638600707054138e-02
5.676365643739700317e-02
3.590572997927665710e-02
5.645904317498207092e-02
5.391291156411170959e-02
6.225147098302841187e-02
3.855961188673973083e-02
4.447728767991065979e-02
4.611763730645179749e-02
3.320483118295669556e-02
5.934472382068634033e-02
2.671256102621555328e-02
5.800867080688476562e-02
3.373108804225921631e-02
3.343406692147254944e-02
2.642439864575862885e-02
4.441248998045921326e-02
1.790402829647064209e-02
2.430193684995174408e-02
4.578694701194763184e-02
