4.758322611451148987e-02
2.293422073125839233e-02
2.333379723131656647e-02
2.522233873605728149e-02
2.762276493012905121e-02
3.804893419146537781e-02
4.149490967392921448e-02
2.376670762896537781e-02
2.220364660024642944e-02
5.121250078082084656e-02
1.797681301832199097e-02
5.087962001562118530e-02
2.517460472881793976e-02
4.298634082078933716e-02
2.548317238688468933e-02
4.392259567975997925e-02
6.413786113262176514e-02
4.448526352643966675e-02
2.751320600509643555e-02
6.335454434156417847e-02
2.184502035379409790e-02
2.461790107190608978e-02
2.101714536547660828e-02
1.911251805722713470e-02
2.092553861439228058e-02
1.741007156670093536e-02
2.230044640600681305e-02
2.295870706439018250e-02
5.162174254655838013e-02
6.013377010822296143e-02
1.658570021390914917e-02
2.400716207921504974e-02
3.936887532472610474e-02
3.889206051826477051e-02
6.541102379560470581e-02
3.213544189929962158e-02
2.101192064583301544e-02
2.276329137384891510e-02
3.803236410021781921e-02
2.544224262237548828e-02
4.670341685414314270e-02
3.194792568683624268e-02
4.508884251117706299e-02
3.163841366767883301e-02
2.231343835592269897e-02
3.612641245126724243e-02
6.131182238459587097e-02
5.109686404466629028e-02
2.016287297010421753e-02
3.451932966709136963e-02
2.906342968344688416e-02
1.892213895916938782e-02
5.993083119392395020e-02
2.665834501385688782e-02
1.515084784477949142e-02
3.065352886915206909e-02
2.281583659350872040e-02
3.491544350981712341e-02
5.120458453893661499e-02
2.779575251042842865e-02
9.457408450543880463e-03
4.151114821434020996e-02
3.002719767391681671e-02
1.668974198400974274e-02
4.365519806742668152e-02
3.332282230257987976e-02
2.550625987350940704e-02
4.067865386605262756e-02
2.414016425609588623e-02
1.667690463364124298e-02
4.056926816701889038e-02
5.758272111415863037e-02
4.763692989945411682e-02
4.872599244117736816e-02
1.582650095224380493e-02
2.806214988231658936e-02
7.895565032958984375e-02
3.986470773816108704e-02
1.209260709583759308e-02
5.096216872334480286e-02
1.744635030627250671e-02
3.288443386554718018e-02
2.587442472577095032e-02
3.894433379173278809e-02
2.571369893848896027e-02
2.666928619146347046e-02
6.937002390623092651e-02
3.498721867799758911e-02
2.342675812542438507e-02
4.110133275389671326e-02
4.216914623975753784e-02
1.845114678144454956e-02
2.822688780725002289e-02
3.627837821841239929e-02
2.032552659511566162e-02
1.901156827807426453e-02
2.850761264562606812e-02
3.285665065050125122e-02
2.070275880396366119e-02
2.649257145822048187e-02
3.312928229570388794e-02
1.899502053856849670e-02
5.063457787036895752e-02
1.323636621236801147e-02
3.465735539793968201e-02
2.826098166406154633e-02
3.569579496979713440e-02
1.616926677525043488e-02
5.545966327190399170e-02
5.302377045154571533e-02
3.963305056095123291e-02
3.357671946287155151e-02
1.686730608344078064e-02
2.271760627627372742e-02
4.086350649595260620e-02
2.890829183161258698e-02
2.632402256131172180e-02
3.898147866129875183e-02
2.209606021642684937e-02
2.118075825273990631e-02
6.279233098030090332e-02
2.117043919861316681e-02
2.849094197154045105e-02
1.514198165386915207e-02
1.944794878363609314e-02
3.969988971948623657e-02
4.883771017193794250e-02
1.903876103460788727e-02
3.921856731176376343e-02
2.528110705316066742e-02
2.689064294099807739e-02
2.990123629570007324e-02
3.151657804846763611e-02
4.776015505194664001e-02
7.570988684892654419e-02
2.237485162913799286e-02
2.071228809654712677e-02
2.947642467916011810e-02
3.045327961444854736e-02
1.585341244935989380e-02
3.912281990051269531e-02
6.448755413293838501e-02
2.995861507952213287e-02
7.106687873601913452e-02
5.581394955515861511e-02
5.396546423435211182e-02
4.731591418385505676e-02
2.583533711731433868e-02
1.321336720138788223e-02
2.847147174179553986e-02
5.876652523875236511e-02
5.992466956377029419e-02
3.361226618289947510e-02
2.526668645441532135e-02
1.888677291572093964e-02
4.106606543064117432e-02
2.863526716828346252e-02
2.824311330914497375e-02
3.173463419079780579e-02
3.077346831560134888e-02
5.032420903444290161e-02
2.656443230807781219e-02
2.922325581312179565e-02
1.737922057509422302e-02
3.038160316646099091e-02
3.681059181690216064e-02
4.904975742101669312e-02
3.907370194792747498e-02
2.084797434508800507e-02
4.482860490679740906e-02
8.105954527854919434e-02
1.912746019661426544e-02
2.600825019180774689e-02
2.054227702319622040e-02
3.003334999084472656e-02
3.413788601756095886e-02
3.982217237353324890e-02
5.150820687413215637e-02
3.444028645753860474e-02
2.791108004748821259e-02
3.117140009999275208e-02
3.593469783663749695e-02
4.000274091958999634e-02
4.484977200627326965e-02
2.708513475954532623e-02
4.251686111092567444e-02
1.544719748198986053e-02
2.394099347293376923e-02
2.172960154712200165e-02
2.328820340335369110e-02
3.481242060661315918e-02
4.997687786817550659e-02
5.119553580880165100e-02
4.514088109135627747e-02
3.619180619716644287e-02
2.931304834783077240e-02
2.223583497107028961e-02
1.472699455916881561e-02
6.714616715908050537e-02
2.238315530121326447e-02
