2.873590029776096344e-02
2.762270905077457428e-02
2.448268048465251923e-02
1.552054192870855331e-02
3.854979574680328369e-02
2.246826700866222382e-02
4.504187777638435364e-02
3.252027928829193115e-02
1.416780985891819000e-02
3.674782067537307739e-02
2.209530770778656006e-02
5.525891855359077454e-02
2.505008503794670105e-02
2.104077488183975220e-02
4.700079560279846191e-02
3.342757746577262878e-02
1.879261992871761322e-02
1.774899847805500031e-02
3.117435425519943237e-02
3.384084999561309814e-02
3.120393306016921997e-02
3.846418485045433044e-02
1.535588596016168594e-02
2.712071500718593597e-02
3.348454833030700684e-02
2.889871783554553986e-02
3.885224089026451111e-02
1.654382050037384033e-02
3.531741723418235779e-02
6.370053440332412720e-02
2.636116184294223785e-02
2.934361808001995087e-02
4.030461609363555908e-02
3.161525726318359375e-02
2.409010753035545349e-02
1.676270179450511932e-02
2.005830407142639160e-02
2.261556312441825867e-02
8.810971863567829132e-03
2.676924318075180054e-02
3.311103582382202148e-02
5.552382022142410278e-02
2.851343527436256409e-02
2.657344937324523926e-02
2.626118063926696777e-02
2.777701430022716522e-02
1.409866660833358765e-02
3.228777647018432617e-02
1.545241102576255798e-02
4.045650735497474670e-02
4.840141907334327698e-02
1.777723431587219238e-02
4.161777719855308533e-02
2.425783500075340271e-02
3.039018809795379639e-02
2.711279504001140594e-02
1.636430993676185608e-02
4.219787567853927612e-02
4.130066931247711182e-02
3.327766060829162598e-02
4.562491923570632935e-02
3.115803748369216919e-02
2.583113498985767365e-02
2.050019241869449615e-02
3.955077007412910461e-02
2.545607835054397583e-02
2.259677276015281677e-02
1.214669365435838699e-02
2.629406750202178955e-02
2.044426836073398590e-02
1.705113239586353302e-02
1.282472070306539536e-02
1.050466485321521759e-02
2.343302033841609955e-02
2.438516169786453247e-02
5.909533798694610596e-02
2.782682888209819794e-02
1.404202729463577271e-02
3.181883692741394043e-02
4.531981796026229858e-02
2.912178263068199158e-02
2.568443119525909424e-02
1.921319402754306793e-02
2.337192744016647339e-02
1.877156458795070648e-02
1.607668772339820862e-02
2.985071018338203430e-02
2.006368525326251984e-02
5.322958156466484070e-02
3.751440718770027161e-02
1.676664128899574280e-02
2.561126835644245148e-02
3.577857837080955505e-02
2.940609306097030640e-02
6.326713413000106812e-02
3.155762329697608948e-02
4.139935597777366638e-02
2.368315123021602631e-02
1.985615864396095276e-02
4.158622398972511292e-02
3.030682727694511414e-02
5.469657108187675476e-02
3.020762652158737183e-02
4.015424102544784546e-02
1.525063347071409225e-02
3.175497427582740784e-02
3.599265962839126587e-02
2.627638727426528931e-02
3.874240815639495850e-02
2.229634672403335571e-02
2.398280054330825806e-02
6.969059258699417114e-02
2.549755759537220001e-02
4.162236675620079041e-02
3.324983641505241394e-02
3.872132673859596252e-02
2.405449375510215759e-02
3.720402717590332031e-02
2.354437857866287231e-02
2.234853245317935944e-02
3.565852344036102295e-02
7.667141407728195190e-02
2.349518425762653351e-02
2.591505832970142365e-02
6.351360678672790527e-02
3.795274719595909119e-02
5.288646370172500610e-02
4.767358303070068359e-02
3.400090709328651428e-02
5.195462331175804138e-02
5.234457179903984070e-02
1.899566873908042908e-02
2.744752727448940277e-02
4.018801823258399963e-02
2.701081335544586182e-02
2.650362625718116760e-02
6.100368127226829529e-02
1.878137513995170593e-02
1.920094341039657593e-02
2.743000350892543793e-02
3.077531792223453522e-02
6.826284527778625488e-02
3.732427209615707397e-02
4.006032645702362061e-02
2.256506867706775665e-02
3.836042433977127075e-02
4.924803227186203003e-02
5.653513222932815552e-02
2.069511823356151581e-02
1.675356924533843994e-02
6.420747190713882446e-02
3.863010928034782410e-02
1.850906573235988617e-02
4.561743885278701782e-02
2.331325784325599670e-02
3.149988502264022827e-02
3.132393956184387207e-02
3.259002417325973511e-02
2.124638669192790985e-02
8.819239586591720581e-02
1.111057028174400330e-02
2.251437865197658539e-02
8.370493352413177490e-02
5.266456305980682373e-02
2.337289787828922272e-02
1.762560755014419556e-02
2.570047602057456970e-02
2.797016501426696777e-02
2.843878418207168579e-02
5.567671358585357666e-02
3.874789923429489136e-02
1.753646321594715118e-02
4.456696286797523499e-02
3.538175299763679504e-02
3.070515766739845276e-02
1.504357904195785522e-02
6.054061651229858398e-02
2.299913391470909119e-02
6.580254435539245605e-02
2.582573890686035156e-02
3.641044348478317261e-02
4.299526661634445190e-02
2.581591717898845673e-02
5.515683069825172424e-02
6.668260693550109863e-02
4.571081325411796570e-02
2.132855542004108429e-02
2.144909091293811798e-02
2.099960483610630035e-02
3.082682192325592041e-02
3.030152432620525360e-02
3.154568001627922058e-02
5.291395634412765503e-02
1.850415579974651337e-02
4.356792196631431580e-02
1.695998758077621460e-02
2.398188598453998566e-02
1.888078637421131134e-02
2.820119820535182953e-02
3.965509682893753052e-02
