4.851702228188514709e-02
6.114216521382331848e-02
4.073091968894004822e-02
5.996135994791984558e-02
7.409521192312240601e-02
4.326924681663513184e-02
7.369694113731384277e-02
6.223888322710990906e-02
7.159589231014251709e-02
4.299702867865562439e-02
6.687550991773605347e-02
4.649621620774269104e-02
7.487008720636367798e-02
3.624912351369857788e-02
1.534330546855926514e-01
3.974434360861778259e-02
7.705203443765640259e-02
5.783862993121147156e-02
4.709116742014884949e-02
5.111724883317947388e-02
7.959847152233123779e-02
9.987388551235198975e-02
6.228851526975631714e-02
5.896851792931556702e-02
3.879039734601974487e-02
7.424782961606979370e-02
3.913842141628265381e-02
5.226020887494087219e-02
6.928723305463790894e-02
8.043503761291503906e-02
3.218267858028411865e-02
3.198863193392753601e-02
4.335488379001617432e-02
2.082010209560394287e-01
5.863544717431068420e-02
6.380610913038253784e-02
2.701326459646224976e-02
8.986715227365493774e-02
4.640216007828712463e-02
3.745758160948753357e-02
7.009330391883850098e-02
4.179282113909721375e-02
7.458552718162536621e-02
4.159321635961532593e-02
7.724813371896743774e-02
5.397103354334831238e-02
4.625310748815536499e-02
6.762108206748962402e-02
4.770626127719879150e-02
1.371547281742095947e-01
5.673905089497566223e-02
8.269978314638137817e-02
6.773339211940765381e-02
7.853516191244125366e-02
4.035746678709983826e-02
3.769928589463233948e-02
4.513603076338768005e-02
8.572961390018463135e-02
5.732145160436630249e-02
4.693565890192985535e-02
1.987866759300231934e-01
4.754975065588951111e-02
7.777667045593261719e-02
4.905057325959205627e-02
4.983517155051231384e-02
3.534747660160064697e-02
5.805630609393119812e-02
7.273584604263305664e-02
6.109949573874473572e-02
6.089574471116065979e-02
7.929414510726928711e-02
1.349005997180938721e-01
5.709036067128181458e-02
8.083334565162658691e-02
3.503092005848884583e-02
6.134184822440147400e-02
1.326045393943786621e-01
5.680266767740249634e-02
8.491979539394378662e-02
7.927097380161285400e-02
6.310219317674636841e-02
4.617659747600555420e-02
6.420128047466278076e-02
6.249508261680603027e-02
4.194547981023788452e-02
4.821347817778587341e-02
7.590528577566146851e-02
1.074761748313903809e-01
4.518149420619010925e-02
7.443436980247497559e-02
1.067016944289207458e-01
1.522155106067657471e-01
1.081186905503273010e-01
6.224222108721733093e-02
6.680269539356231689e-02
7.692091912031173706e-02
6.703688204288482666e-02
6.330043822526931763e-02
5.508169159293174744e-02
3.843376040458679199e-02
2.853980287909507751e-02
6.927336007356643677e-02
6.698466092348098755e-02
7.985736429691314697e-02
6.629032641649246216e-02
5.059443041682243347e-02
1.489331126213073730e-01
5.042571201920509338e-02
3.561713173985481262e-02
5.795544758439064026e-02
4.569909721612930298e-02
7.615409046411514282e-02
4.668215662240982056e-02
3.514252603054046631e-02
3.777365759015083313e-02
8.863695710897445679e-02
5.661268904805183411e-02
2.914678491652011871e-02
4.468787088990211487e-02
5.911522731184959412e-02
7.501838356256484985e-02
6.913797557353973389e-02
3.947993740439414978e-02
5.768771097064018250e-02
8.053499460220336914e-02
6.105969101190567017e-02
3.750824928283691406e-02
4.240124300122261047e-02
1.158003360033035278e-01
5.621223524212837219e-02
7.873049378395080566e-02
7.260311394929885864e-02
3.191303089261054993e-02
6.245220080018043518e-02
4.830331355333328247e-02
7.709752023220062256e-02
5.994164943695068359e-02
6.839246302843093872e-02
4.236977174878120422e-02
4.193141683936119080e-02
5.050464347004890442e-02
3.812593966722488403e-02
4.095132648944854736e-02
3.955312073230743408e-02
4.512150213122367859e-02
9.444158524274826050e-02
6.117236241698265076e-02
5.406727269291877747e-02
1.107268407940864563e-01
2.755961567163467407e-02
5.575914680957794189e-02
1.258418112993240356e-01
4.818520322442054749e-02
3.596307337284088135e-02
1.247830539941787720e-01
4.021098837256431580e-02
6.772559881210327148e-02
3.201638534665107727e-02
1.324168741703033447e-01
4.554259032011032104e-02
3.629494085907936096e-02
8.505798131227493286e-02
4.283758625388145447e-02
5.343211442232131958e-02
5.557382851839065552e-02
4.807927832007408142e-02
5.826560035347938538e-02
6.254310160875320435e-02
1.125417128205299377e-01
1.178103908896446228e-01
3.416752442717552185e-02
7.082605361938476562e-02
7.780776172876358032e-02
9.823699295520782471e-02
5.621076375246047974e-02
5.652256682515144348e-02
6.525056064128875732e-02
1.319393813610076904e-01
7.111046463251113892e-02
4.473388567566871643e-02
7.231040298938751221e-02
1.080795899033546448e-01
7.825766503810882568e-02
6.290560215711593628e-02
6.514095515012741089e-02
5.274348706007003784e-02
4.699891433119773865e-02
5.338539555668830872e-02
5.006868764758110046e-02
8.838624507188796997e-02
9.413037449121475220e-02
3.354971855878829956e-02
6.124495714902877808e-02
5.243153125047683716e-02
4.356237873435020447e-02
6.113173812627792358e-02
2.849256247282028198e-02
2.454687058925628662e-01
1.099169179797172546e-01
4.306131973862648010e-02
