1.119142584502696991e-02
1.353086344897747040e-02
1.168437395244836807e-02
1.464278530329465866e-02
9.067079052329063416e-03
1.874738559126853943e-02
9.142237715423107147e-03
1.918845623731613159e-02
1.134730689227581024e-02
2.406922541558742523e-02
1.936134137213230133e-02
1.658565737307071686e-02
1.272457465529441833e-02
3.502733260393142700e-02
1.836906187236309052e-02
3.113695420324802399e-02
2.425665967166423798e-02
2.404220961034297943e-02
1.824844814836978912e-02
1.735717616975307465e-02
7.580101024359464645e-03
2.647411823272705078e-02
1.459476258605718613e-02
2.306210622191429138e-02
2.677072212100028992e-02
2.311408333480358124e-02
1.570945233106613159e-02
1.880082860589027405e-02
1.987665705382823944e-02
3.933874890208244324e-02
1.964544318616390228e-02
2.956186048686504364e-02
2.682370133697986603e-02
8.650843054056167603e-03
2.995147928595542908e-02
3.448333218693733215e-02
1.625722646713256836e-02
1.826682873070240021e-02
3.524162247776985168e-02
9.306472726166248322e-03
1.234321389347314835e-02
8.068419992923736572e-03
5.610244721174240112e-02
2.260705083608627319e-02
1.999853923916816711e-02
3.369655087590217590e-02
7.401109486818313599e-02
3.260588273406028748e-02
1.894146203994750977e-02
2.013531699776649475e-02
5.924956873059272766e-02
2.487114444375038147e-02
5.572100356221199036e-02
1.932331919670104980e-01
2.930098585784435272e-02
4.755824804306030273e-02
2.840584702789783478e-02
2.853061258792877197e-01
3.570090234279632568e-02
8.466381579637527466e-02
5.632299184799194336e-02
4.113766178488731384e-02
5.097702890634536743e-02
7.394968718290328979e-02
5.781707540154457092e-02
6.418906152248382568e-02
3.959466889500617981e-02
8.073847740888595581e-02
5.983062833547592163e-02
5.386061221361160278e-02
2.546307817101478577e-02
1.204925999045372009e-01
5.271250754594802856e-02
4.773289710283279419e-02
3.078397549688816071e-02
4.935996606945991516e-02
4.013397917151451111e-02
3.257668018341064453e-02
5.215891450643539429e-02
4.072707891464233398e-02
5.054685473442077637e-02
2.736823260784149170e-02
3.510305657982826233e-02
7.617937028408050537e-02
5.141024291515350342e-02
4.687676951289176941e-02
4.976053163409233093e-02
5.782857537269592285e-02
3.951425105333328247e-02
3.462468832731246948e-02
6.117817386984825134e-02
7.037729024887084961e-02
2.883852832019329071e-02
2.746400982141494751e-02
2.525528520345687866e-02
2.466264925897121429e-02
4.751739278435707092e-02
5.516413599252700806e-02
5.190389230847358704e-02
3.084621764719486237e-02
4.476252570748329163e-02
4.080823063850402832e-02
2.838880568742752075e-02
3.091688081622123718e-02
2.551608160138130188e-02
3.897951915860176086e-02
1.463276147842407227e-02
3.384646773338317871e-02
5.176101252436637878e-02
4.585209116339683533e-02
5.454193055629730225e-02
1.295842789113521576e-02
1.489595882594585419e-02
1.724176853895187378e-02
4.129809886217117310e-02
1.127850636839866638e-01
4.561688750982284546e-02
2.208818681538105011e-02
2.602291852235794067e-02
2.333384007215499878e-02
2.008037827908992767e-02
3.925215452909469604e-02
6.484340131282806396e-02
3.289658203721046448e-02
1.284929364919662476e-01
4.752530157566070557e-02
5.235423520207405090e-02
4.299920424818992615e-02
1.410358492285013199e-02
4.839350655674934387e-02
2.077861689031124115e-02
2.448963373899459839e-02
3.621397912502288818e-02
1.747022382915019989e-02
5.469752848148345947e-02
2.086602710187435150e-02
2.036737836897373199e-02
8.539346605539321899e-02
2.180532552301883698e-02
3.795363381505012512e-02
1.869814470410346985e-02
5.356076732277870178e-02
1.768894493579864502e-02
4.130096361041069031e-02
2.206300944089889526e-02
1.473941002041101456e-02
2.979864925146102905e-02
4.294466972351074219e-02
1.981352455914020538e-02
2.449491433799266815e-02
4.760131984949111938e-02
2.639530412852764130e-02
2.433178015053272247e-02
1.824970543384552002e-02
1.407629437744617462e-02
4.904515668749809265e-02
1.283546909689903259e-02
3.890770301222801208e-02
1.535872370004653931e-02
3.447944670915603638e-02
2.316915243864059448e-02
2.329317107796669006e-02
1.652306504547595978e-02
2.494907192885875702e-02
3.255817294120788574e-02
1.984688639640808105e-02
8.461799472570419312e-03
1.311691198498010635e-02
2.048448845744132996e-02
3.218690678477287292e-02
4.068970680236816406e-02
4.518384486436843872e-02
6.767546385526657104e-02
3.865008801221847534e-02
1.359857805073261261e-02
2.646501362323760986e-02
1.943715661764144897e-02
2.640435285866260529e-02
3.301420062780380249e-02
2.146240696310997009e-02
1.789245568215847015e-02
1.729059778153896332e-02
2.974110096693038940e-02
2.877117134630680084e-02
1.484302338212728500e-02
1.802258193492889404e-02
1.612663641571998596e-02
1.197664812207221985e-02
4.455031454563140869e-02
1.359605137258768082e-02
3.734698146581649780e-02
2.231458760797977448e-02
2.001055143773555756e-02
3.678299859166145325e-02
2.648920565843582153e-02
1.425165962427854538e-02
2.499509602785110474e-02
3.764857724308967590e-02
1.875532604753971100e-02
1.413499098271131516e-02
