2.000692673027515411e-02
3.256265074014663696e-02
1.689416915178298950e-02
1.447973493486642838e-02
1.219188794493675232e-02
2.894509956240653992e-02
2.133829146623611450e-02
1.996884495019912720e-02
2.793178893625736237e-02
2.742289006710052490e-02
1.710967160761356354e-02
1.216975226998329163e-02
1.683413051068782806e-02
2.557791024446487427e-02
1.206343900412321091e-02
3.242335841059684753e-02
3.711808472871780396e-02
1.381951011717319489e-02
3.003877587616443634e-02
2.722981199622154236e-02
1.282162684947252274e-02
1.860479079186916351e-02
1.221439242362976074e-02
2.333402074873447418e-02
1.915463246405124664e-02
2.658781036734580994e-02
1.854121685028076172e-02
3.162439540028572083e-02
1.729333586990833282e-02
1.590194366872310638e-02
3.953292220830917358e-02
3.746313229203224182e-02
2.191613987088203430e-02
1.163829304277896881e-02
2.458875626325607300e-02
1.147108431905508041e-02
2.323664166033267975e-02
1.731646992266178131e-02
3.633913025259971619e-02
2.015179209411144257e-02
1.080822758376598358e-02
1.803937554359436035e-02
1.649000309407711029e-02
4.201769083738327026e-02
3.136269375681877136e-02
1.660856977105140686e-02
1.429142151027917862e-02
1.236722525209188461e-02
1.733882911503314972e-02
3.931060060858726501e-02
2.245477214455604553e-02
2.783212438225746155e-02
2.431422285735607147e-02
2.993298135697841644e-02
1.233732234686613083e-02
3.316102176904678345e-02
1.715010777115821838e-02
4.231074824929237366e-02
8.301635272800922394e-03
1.649440079927444458e-02
2.360218390822410583e-02
3.240618854761123657e-02
2.014684304594993591e-02
1.953233405947685242e-02
2.544061839580535889e-02
2.311204001307487488e-02
1.435187458992004395e-02
2.663549408316612244e-02
1.611766405403614044e-02
3.571169823408126831e-02
2.472354285418987274e-02
1.531584747135639191e-02
1.599602960050106049e-02
5.157441273331642151e-02
3.025257028639316559e-02
1.417403947561979294e-02
1.735635288059711456e-02
1.437091082334518433e-02
2.265502884984016418e-02
3.544219210743904114e-02
4.682080075144767761e-02
1.576765626668930054e-02
4.077268391847610474e-02
2.938737161457538605e-02
4.318739846348762512e-02
3.041481040418148041e-02
2.834308519959449768e-02
2.591772004961967468e-02
1.467303000390529633e-02
1.818937063217163086e-02
3.602268174290657043e-02
1.789151318371295929e-02
4.388978704810142517e-02
1.716988533735275269e-02
1.858502998948097229e-02
2.390358783304691315e-02
2.864585258066654205e-02
3.591495007276535034e-02
2.980722673237323761e-02
3.306429460644721985e-02
1.930384337902069092e-02
1.938459649682044983e-02
1.362128835171461105e-02
1.784623228013515472e-02
3.986981883645057678e-02
5.118348076939582825e-02
3.537167236208915710e-02
1.182238105684518814e-02
3.371524065732955933e-02
2.512546628713607788e-02
1.185955572873353958e-02
2.564214169979095459e-02
2.394785732030868530e-02
4.992619156837463379e-02
2.061279863119125366e-02
1.009863615036010742e-02
1.648103259503841400e-02
3.824225813150405884e-02
1.559900119900703430e-02
3.277797996997833252e-02
4.262891784310340881e-02
4.520819336175918579e-02
1.391671877354383469e-02
3.759113326668739319e-02
1.503298711031675339e-02
2.492951601743698120e-02
2.128466218709945679e-02
1.361413765698671341e-02
3.916072472929954529e-02
3.183462098240852356e-02
2.651235274970531464e-02
2.137730643153190613e-02
1.941573619842529297e-02
1.477154437452554703e-02
1.805950514972209930e-02
6.855546031147241592e-03
5.057145282626152039e-02
1.791215874254703522e-02
1.621316000819206238e-02
3.458010405302047729e-02
2.303223684430122375e-02
3.725001215934753418e-02
1.282200869172811508e-02
1.851889863610267639e-02
3.174534440040588379e-02
1.518466323614120483e-02
2.469121105968952179e-02
3.226562216877937317e-02
1.384661532938480377e-02
1.851628534495830536e-02
1.535801962018013000e-02
4.894612729549407959e-02
9.861498139798641205e-03
1.641679927706718445e-02
1.655588299036026001e-02
4.260277375578880310e-02
1.975970342755317688e-02
2.081169374287128448e-02
1.512722298502922058e-02
2.422062866389751434e-02
2.482676133513450623e-02
1.883438602089881897e-02
2.003159932792186737e-02
2.725730091333389282e-02
2.453339472413063049e-02
3.355817869305610657e-02
3.144832327961921692e-02
1.385921053588390350e-02
4.273608699440956116e-02
2.517818287014961243e-02
3.158317133784294128e-02
3.957154229283332825e-02
3.007548674941062927e-02
1.403562724590301514e-02
2.420545183122158051e-02
1.662929914891719818e-02
2.417580597102642059e-02
8.125745691359043121e-03
1.653177849948406219e-02
2.104048989713191986e-02
1.778800040483474731e-02
2.239774353802204132e-02
1.356563158333301544e-02
1.070502772927284241e-02
3.081623092293739319e-02
1.735785976052284241e-02
2.308898977935314178e-02
1.369663048535585403e-02
1.530951913446187973e-02
1.759984157979488373e-02
2.623203024268150330e-02
1.707235351204872131e-02
2.813383564352989197e-02
2.417300641536712646e-02
2.048128098249435425e-02
1.710318215191364288e-02
1.000404357910156250e-02
1.254770252853631973e-02
2.806076593697071075e-02
2.664960362017154694e-02
