3.763091936707496643e-02
4.124338552355766296e-02
2.295034751296043396e-02
1.878432184457778931e-02
2.812457270920276642e-02
3.365009650588035583e-02
2.031370624899864197e-02
1.171507593244314194e-02
2.481683157384395599e-02
1.677183993160724640e-02
2.374713867902755737e-02
2.127045020461082458e-02
2.450368553400039673e-02
4.711566865444183350e-02
1.942247152328491211e-02
2.559421956539154053e-02
1.421953924000263214e-02
5.125744640827178955e-02
1.702485419809818268e-02
1.420315634459257126e-02
3.582267090678215027e-02
2.010260708630084991e-02
2.250084280967712402e-02
1.967427320778369904e-02
1.496562827378511429e-02
4.622964188456535339e-02
2.310088649392127991e-02
1.902842149138450623e-02
2.956323698163032532e-02
2.019986882805824280e-02
2.278852835297584534e-02
3.009037487208843231e-02
2.425879426300525665e-02
1.530249323695898056e-02
2.052498981356620789e-02
1.750080473721027374e-02
2.872155420482158661e-02
2.666715532541275024e-02
4.322728887200355530e-02
2.271985262632369995e-02
1.229744497686624527e-02
1.741843111813068390e-02
1.637502014636993408e-02
2.446515485644340515e-02
1.443959027528762817e-02
4.457329586148262024e-02
2.207846567034721375e-02
6.200176477432250977e-02
1.754899322986602783e-02
2.850657701492309570e-02
3.717098757624626160e-02
3.593902289867401123e-02
1.867683045566082001e-02
2.039573900401592255e-02
1.534239761531352997e-02
2.773995511233806610e-02
1.508805528283119202e-02
2.169928513467311859e-02
2.021746709942817688e-02
1.827262155711650848e-02
1.547319721430540085e-02
2.987614832818508148e-02
4.708159714937210083e-02
1.505483314394950867e-02
2.544115297496318817e-02
2.403197623789310455e-02
3.309595212340354919e-02
3.118845075368881226e-02
2.745844982564449310e-02
2.208867110311985016e-02
3.268785774707794189e-02
3.335961326956748962e-02
2.841614559292793274e-02
1.816636323928833008e-02
1.424224954098463058e-02
2.360200881958007812e-02
2.154125645756721497e-02
1.387011818587779999e-02
2.228218130767345428e-02
2.121824771165847778e-02
4.085909575223922729e-02
3.558232635259628296e-02
1.988630928099155426e-02
2.721624635159969330e-02
2.470419183373451233e-02
3.900286927819252014e-02
1.180135179311037064e-02
2.816393785178661346e-02
3.331944346427917480e-02
3.554886206984519958e-02
1.969888061285018921e-02
1.923973113298416138e-02
1.622443459928035736e-02
2.318227663636207581e-02
4.047913849353790283e-02
3.234658762812614441e-02
1.726483367383480072e-02
5.346360057592391968e-02
2.791689708828926086e-02
3.085928037762641907e-02
1.937700994312763214e-02
3.776281699538230896e-02
2.695635333657264709e-02
2.457225695252418518e-02
3.549049049615859985e-02
1.586749963462352753e-02
3.054745681583881378e-02
2.536419034004211426e-02
1.635795272886753082e-02
1.708617061376571655e-02
1.758928224444389343e-02
2.970246039330959320e-02
4.094453528523445129e-02
1.825665496289730072e-02
3.395771980285644531e-02
1.892351731657981873e-02
5.509714037179946899e-02
6.279456615447998047e-02
1.388739701360464096e-02
2.762347646057605743e-02
2.180274203419685364e-02
1.966104656457901001e-02
2.452644519507884979e-02
1.510313060134649277e-02
2.035441249608993530e-02
1.018149033188819885e-02
4.610566049814224243e-02
2.831560187041759491e-02
3.159950673580169678e-02
3.580331802368164062e-02
1.887039653956890106e-02
3.109387494623661041e-02
2.786593511700630188e-02
3.329545632004737854e-02
2.647463418543338776e-02
1.922270655632019043e-02
4.707218334078788757e-02
4.615296795964241028e-02
5.013768002390861511e-02
1.241960562765598297e-02
2.537190541625022888e-02
4.331658035516738892e-02
2.619179524481296539e-02
4.231343790888786316e-02
5.238714069128036499e-02
2.573608420789241791e-02
2.709408476948738098e-02
4.069769382476806641e-02
2.287761121988296509e-02
2.196651697158813477e-02
4.860113561153411865e-02
4.060522466897964478e-02
3.115905635058879852e-02
1.539281383156776428e-02
2.305288240313529968e-02
1.135737728327512741e-02
2.054605819284915924e-02
2.660459466278553009e-02
3.168185055255889893e-02
1.439655013382434845e-02
7.486059796065092087e-03
4.862344637513160706e-02
5.112041532993316650e-02
1.216958276927471161e-02
4.496055096387863159e-02
2.137573063373565674e-02
4.218993335962295532e-02
2.387152798473834991e-02
3.549276292324066162e-02
2.050729468464851379e-02
2.112763375043869019e-02
1.726076379418373108e-02
6.302142888307571411e-02
3.670121356844902039e-02
1.797642372548580170e-02
3.822970017790794373e-02
3.252327442169189453e-02
4.385522007942199707e-02
1.820015162229537964e-02
1.614030264317989349e-02
2.620084583759307861e-02
1.317809149622917175e-02
1.633526571094989777e-02
4.908536002039909363e-02
1.711490377783775330e-02
2.629984542727470398e-02
3.835720568895339966e-02
2.579790726304054260e-02
1.501434482634067535e-02
2.233159542083740234e-02
3.346020355820655823e-02
2.465774863958358765e-02
2.645924687385559082e-02
3.172437474131584167e-02
3.524110466241836548e-02
3.755456581711769104e-02
1.522492617368698120e-02
2.464220114052295685e-02
1.998192816972732544e-02
1.942323707044124603e-02
