3.396737575531005859e-02
2.025418728590011597e-02
2.977192774415016174e-02
5.527757108211517334e-02
4.523559659719467163e-02
2.887224219739437103e-02
9.779529273509979248e-02
6.205246224999427795e-02
5.585520341992378235e-02
4.317366331815719604e-02
3.730149939656257629e-02
5.639638379216194153e-02
3.914353623986244202e-02
5.657598003745079041e-02
5.471139028668403625e-02
4.729550704360008240e-02
6.329961866140365601e-02
1.992003433406352997e-02
4.620086401700973511e-02
6.443567574024200439e-02
3.986454382538795471e-02
4.323564469814300537e-02
4.763244092464447021e-02
8.019363135099411011e-02
5.106705799698829651e-02
4.451486840844154358e-02
3.182141855359077454e-02
5.594037100672721863e-02
2.196750976145267487e-02
5.694858357310295105e-02
3.952692076563835144e-02
4.770062491297721863e-02
4.934544116258621216e-02
2.367901615798473358e-02
1.277170628309249878e-01
3.883124515414237976e-02
4.145777225494384766e-02
6.189356744289398193e-02
2.450060099363327026e-02
4.329671338200569153e-02
8.020282536745071411e-02
3.048237226903438568e-02
4.088520258665084839e-02
2.499397657811641693e-02
1.222537755966186523e-01
5.388897284865379333e-02
3.941006958484649658e-02
7.443026453256607056e-02
5.187188833951950073e-02
8.942167460918426514e-02
5.243790894746780396e-02
4.251525178551673889e-02
3.215700387954711914e-02
8.008878678083419800e-02
2.329939603805541992e-02
6.115346029400825500e-02
3.430606797337532043e-02
6.713209301233291626e-02
5.928597599267959595e-02
4.390067607164382935e-02
6.172485277056694031e-02
7.360358536243438721e-02
4.955678433179855347e-02
1.051491871476173401e-01
5.550242960453033447e-02
3.250931948423385620e-02
2.416112646460533142e-02
4.359407722949981689e-02
6.169004738330841064e-02
4.763307422399520874e-02
3.111219406127929688e-02
4.776981845498085022e-02
9.629467129707336426e-02
4.121570289134979248e-02
5.225921049714088440e-02
3.629896417260169983e-02
3.865030407905578613e-02
5.356462672352790833e-02
3.710928931832313538e-02
7.258737832307815552e-02
4.856636002659797668e-02
3.678599372506141663e-02
3.172915801405906677e-02
5.103509500622749329e-02
5.451159924268722534e-02
6.993150711059570312e-02
3.731659054756164551e-02
7.047045975923538208e-02
4.753823578357696533e-02
3.747568279504776001e-02
5.977179482579231262e-02
4.148744046688079834e-02
4.410450905561447144e-02
2.932401746511459351e-02
2.399293147027492523e-02
3.741272911429405212e-02
3.328402340412139893e-02
3.062126971781253815e-02
6.276739388704299927e-02
4.823395237326622009e-02
6.727341562509536743e-02
3.692841902375221252e-02
6.731390953063964844e-02
4.086556658148765564e-02
1.020901799201965332e-01
6.298546493053436279e-02
3.878080844879150391e-02
4.148872569203376770e-02
3.648507967591285706e-02
4.449028521776199341e-02
3.640488535165786743e-02
6.143921241164207458e-02
3.296130895614624023e-02
8.054341375827789307e-02
5.559693276882171631e-02
8.032388240098953247e-02
3.898157924413681030e-02
2.548280544579029083e-02
3.962947800755500793e-02
4.781962558627128601e-02
2.391633577644824982e-02
5.083370581269264221e-02
7.734880596399307251e-02
3.150458633899688721e-02
7.471917569637298584e-02
2.620418183505535126e-02
2.957594394683837891e-02
5.263594537973403931e-02
4.054862260818481445e-02
1.158585175871849060e-01
3.322616219520568848e-02
3.931448981165885925e-02
4.599453881382942200e-02
4.995407164096832275e-02
4.487126693129539490e-02
4.074628278613090515e-02
1.844685897231101990e-02
3.796436265110969543e-02
2.680272422730922699e-02
3.226144239306449890e-02
2.933895774185657501e-02
2.827676758170127869e-02
5.180745199322700500e-02
2.607708051800727844e-02
7.116276025772094727e-02
2.434986457228660583e-02
8.250280469655990601e-02
3.688655048608779907e-02
4.739198461174964905e-02
6.660155206918716431e-02
3.291023150086402893e-02
8.942855149507522583e-02
4.061060771346092224e-02
1.218002364039421082e-01
9.873117506504058838e-02
4.817222058773040771e-02
3.426736593246459961e-02
4.889949411153793335e-02
3.886669129133224487e-02
4.870888218283653259e-02
2.659962326288223267e-02
3.673214465379714966e-02
1.809115260839462280e-01
6.286275386810302734e-02
3.378362953662872314e-02
5.469956248998641968e-02
1.014612540602684021e-01
9.491297602653503418e-02
7.394833117723464966e-02
4.601902514696121216e-02
7.349121570587158203e-02
5.607027560472488403e-02
3.395639732480049133e-02
5.513118952512741089e-02
3.870939463376998901e-02
3.859104216098785400e-02
5.045598372817039490e-02
5.991454422473907471e-02
7.754539698362350464e-02
2.644872479140758514e-02
2.818642556667327881e-02
3.230175748467445374e-02
6.214273348450660706e-02
5.170208588242530823e-02
3.098131529986858368e-02
6.472679227590560913e-02
3.598488867282867432e-02
9.332600235939025879e-02
6.135956570506095886e-02
4.508604109287261963e-02
5.451994016766548157e-02
7.671529799699783325e-02
5.344559252262115479e-02
2.717802859842777252e-02
3.185727074742317200e-02
5.069860816001892090e-02
2.183488942682743073e-02
3.577342629432678223e-02
3.553920611739158630e-02
3.902120888233184814e-02
