2.011829800903797150e-02
2.345157414674758911e-02
2.193328365683555603e-02
1.523075159639120102e-02
2.244112454354763031e-02
1.063735783100128174e-02
3.198990598320960999e-02
2.700121141970157623e-02
1.461333129554986954e-02
2.280816622078418732e-02
1.935089007019996643e-02
1.631991565227508545e-02
4.844391718506813049e-02
1.424111332744359970e-02
8.721948601305484772e-03
1.105555146932601929e-02
1.763215474784374237e-02
3.011719323694705963e-02
1.623898744583129883e-02
1.488017942756414413e-02
1.656374707818031311e-02
1.575832255184650421e-02
2.058554627001285553e-02
2.493827603757381439e-02
1.285418868064880371e-02
2.088717184960842133e-02
1.147587690502405167e-02
1.120881829410791397e-02
4.174153506755828857e-02
3.518563136458396912e-02
2.151519991457462311e-02
3.560638427734375000e-02
2.174647338688373566e-02
5.494445934891700745e-02
3.175636380910873413e-02
1.736060157418251038e-02
3.276078402996063232e-02
2.464530244469642639e-02
2.133095450699329376e-02
3.538421168923377991e-02
2.119830437004566193e-02
1.010948512703180313e-02
2.106466516852378845e-02
1.848576217889785767e-02
3.571117296814918518e-02
2.805640548467636108e-02
1.954623684287071228e-02
2.293597720563411713e-02
1.284107100218534470e-02
3.628041595220565796e-02
1.169796474277973175e-02
1.485653407871723175e-02
2.126874960958957672e-02
8.550971746444702148e-03
2.949147112667560577e-02
1.959725096821784973e-02
2.316045947372913361e-02
1.715736836194992065e-02
2.708543837070465088e-02
1.002709101885557175e-02
3.200209513306617737e-02
1.320893410593271255e-02
1.760697923600673676e-02
1.834738068282604218e-02
1.271726842969655991e-02
2.611622773110866547e-02
1.228140946477651596e-02
4.107706621289253235e-02
2.397371642291545868e-02
2.021337486803531647e-02
9.046776220202445984e-03
1.906343363225460052e-02
1.666968315839767456e-02
3.157116845250129700e-02
4.031845182180404663e-02
1.691077463328838348e-02
2.804611437022686005e-02
1.313822623342275620e-02
1.842100732028484344e-02
3.074807114899158478e-02
2.271886356174945831e-02
2.310143783688545227e-02
1.907006464898586273e-02
1.775038056075572968e-02
2.217172086238861084e-02
3.847920894622802734e-02
1.364740170538425446e-02
2.204898558557033539e-02
1.909153163433074951e-02
2.339004725217819214e-02
2.068601734936237335e-02
2.095429599285125732e-02
2.982136793434619904e-02
2.169208601117134094e-02
1.386695913970470428e-02
1.372074056416749954e-02
3.087731637060642242e-02
2.964813262224197388e-02
3.950084000825881958e-02
2.155606821179389954e-02
1.228906866163015366e-02
2.865504473447799683e-02
2.530199661850929260e-02
1.580157130956649780e-02
1.303741149604320526e-02
1.538107730448246002e-02
1.749194972217082977e-02
7.694936357438564301e-03
2.177602425217628479e-02
2.329554595053195953e-02
1.991331204771995544e-02
3.991695865988731384e-02
2.723210304975509644e-02
4.808681830763816833e-02
1.965781301259994507e-02
3.216701000928878784e-02
1.875709556043148041e-02
2.121237665414810181e-02
2.478682808578014374e-02
1.273409742861986160e-02
1.949002966284751892e-02
2.455898001790046692e-02
2.353672124445438385e-02
2.053526602685451508e-02
1.488081924617290497e-02
1.852996833622455597e-02
1.531240809708833694e-02
1.604067534208297729e-02
2.675560303032398224e-02
2.934606932103633881e-02
2.996220998466014862e-02
1.098040957003831863e-02
1.748544722795486450e-02
1.105072535574436188e-02
1.290465146303176880e-02
1.037500705569982529e-02
3.213886916637420654e-02
1.757293753325939178e-02
2.162914536893367767e-02
3.462694585323333740e-02
2.059818059206008911e-02
1.213479414582252502e-02
4.151220992207527161e-02
1.637012325227260590e-02
1.204333454370498657e-02
1.135766413062810898e-02
4.320515692234039307e-02
1.669117622077465057e-02
9.409857913851737976e-03
3.146609291434288025e-02
4.855242744088172913e-02
3.174730017781257629e-02
1.381697598844766617e-02
3.665597736835479736e-02
2.590512484312057495e-02
1.477053668349981308e-02
2.701581269502639771e-02
1.310924440622329712e-02
5.054486170411109924e-02
3.445152565836906433e-02
2.295856550335884094e-02
1.518998108804225922e-02
5.540593340992927551e-02
3.999705985188484192e-02
2.171394787728786469e-02
1.500521134585142136e-02
1.689364388585090637e-02
2.880816347897052765e-02
2.367617003619670868e-02
3.326433897018432617e-02
2.108634635806083679e-02
1.167840510606765747e-02
1.215613260865211487e-02
1.161863375455141068e-02
3.439232334494590759e-02
1.746241189539432526e-02
3.505119308829307556e-02
1.347882952541112900e-02
1.989111304283142090e-02
2.545656822621822357e-02
1.756563968956470490e-02
1.468707155436277390e-02
1.575670018792152405e-02
2.009359560906887054e-02
1.619385555386543274e-02
2.918362990021705627e-02
1.625539176166057587e-02
2.188326232135295868e-02
1.886935345828533173e-02
1.615646295249462128e-02
1.309408154338598251e-02
1.429672166705131531e-02
4.288036748766899109e-02
2.617167122662067413e-02
2.815006859600543976e-02
6.339076906442642212e-03
1.352804154157638550e-02
3.047993220388889313e-02
1.475485879927873611e-02
3.894929587841033936e-02
