6.867074221372604370e-02
7.475615292787551880e-02
1.917121373116970062e-02
2.196022309362888336e-02
5.194811150431632996e-02
1.241743788123130798e-01
4.817726090550422668e-02
3.037467971444129944e-02
4.157717153429985046e-02
5.858475342392921448e-02
6.014602631330490112e-02
4.808802530169487000e-02
1.329586654901504517e-01
4.968613386154174805e-02
3.191936388611793518e-02
5.397007986903190613e-02
6.303799152374267578e-02
3.395369648933410645e-02
5.742506310343742371e-02
4.514674842357635498e-02
4.345738887786865234e-02
3.803152963519096375e-02
5.095407739281654358e-02
4.038788005709648132e-02
5.250111594796180725e-02
5.113393813371658325e-02
7.075204700231552124e-02
3.870651870965957642e-02
5.538533255457878113e-02
4.577169567346572876e-02
5.130736902356147766e-02
4.608464986085891724e-02
3.337628021836280823e-02
5.430702492594718933e-02
4.003238677978515625e-02
3.011935763061046600e-02
3.723417222499847412e-02
9.478627890348434448e-02
6.544800847768783569e-02
3.834990411996841431e-02
5.457599088549613953e-02
2.899284847080707550e-02
3.506926074624061584e-02
5.504882708191871643e-02
4.816083610057830811e-02
1.861946098506450653e-02
5.350320041179656982e-02
5.623130872845649719e-02
3.543790057301521301e-02
1.760329306125640869e-02
3.728207200765609741e-02
2.363626472651958466e-02
5.807993188500404358e-02
2.692305296659469604e-02
4.384557902812957764e-02
1.969957537949085236e-02
4.223909974098205566e-02
8.260881155729293823e-02
2.685326524078845978e-02
3.784100711345672607e-02
7.162807881832122803e-02
3.222486376762390137e-02
4.857178777456283569e-02
3.830393776297569275e-02
5.483761429786682129e-02
6.083080545067787170e-02
3.843423724174499512e-02
2.946084924042224884e-02
5.555795133113861084e-02
2.764372341334819794e-02
2.862728014588356018e-02
5.198938027024269104e-02
3.160396218299865723e-02
4.511702060699462891e-02
4.311443865299224854e-02
2.546282485127449036e-02
3.686784952878952026e-02
2.552484720945358276e-02
2.521409466862678528e-02
4.295175895094871521e-02
3.404714539647102356e-02
2.221277542412281036e-02
8.314084261655807495e-02
3.428126871585845947e-02
8.173785358667373657e-02
3.008901141583919525e-02
5.387889966368675232e-02
3.949348255991935730e-02
2.102185040712356567e-02
5.485227331519126892e-02
3.355090320110321045e-02
7.654901593923568726e-02
4.489932209253311157e-02
3.191787376999855042e-02
2.665941417217254639e-02
4.125097021460533142e-02
2.073479071259498596e-02
4.268534481525421143e-02
3.061009384691715240e-02
2.952940575778484344e-02
2.636161632835865021e-02
1.940536312758922577e-02
6.907722353935241699e-02
6.777285784482955933e-02
2.965160645544528961e-02
5.987703427672386169e-02
2.878655306994915009e-02
2.783378586173057556e-02
5.555299669504165649e-02
2.410320751368999481e-02
4.764743894338607788e-02
1.941620744764804840e-02
6.015899404883384705e-02
5.142804235219955444e-02
3.258060663938522339e-02
8.592598885297775269e-02
1.907931081950664520e-02
2.999923750758171082e-02
4.652480781078338623e-02
4.165089875459671021e-02
3.571825474500656128e-02
3.596308454871177673e-02
1.295153424143791199e-02
2.411516755819320679e-02
9.276726841926574707e-02
1.567080467939376831e-01
7.339009642601013184e-02
4.462592676281929016e-02
3.522137925028800964e-02
2.140873856842517853e-02
8.611238747835159302e-02
3.313226252794265747e-02
4.969981312751770020e-02
4.742815718054771423e-02
4.927171021699905396e-02
2.366156689822673798e-02
6.872773915529251099e-02
3.473914414644241333e-02
2.651861123740673065e-02
6.974282115697860718e-02
3.288186714053153992e-02
3.862517327070236206e-02
6.387913972139358521e-02
4.988381639122962952e-02
2.400748617947101593e-02
3.600968420505523682e-02
4.933163896203041077e-02
3.128579258918762207e-02
1.447461452335119247e-02
4.525905475020408630e-02
2.229898609220981598e-02
2.340973727405071259e-02
6.721382588148117065e-02
5.459573864936828613e-02
2.852793969213962555e-02
7.950842380523681641e-02
3.119964525103569031e-02
3.452770039439201355e-02
4.420833289623260498e-02
2.283370681107044220e-02
2.404877170920372009e-02
6.041884794831275940e-02
3.854744881391525269e-02
3.448306024074554443e-02
1.073864996433258057e-01
1.892550103366374969e-02
4.205274581909179688e-02
2.017294056713581085e-02
3.393072634935379028e-02
9.840927273035049438e-02
2.333067171275615692e-02
4.392100870609283447e-02
3.768688440322875977e-02
2.123452164232730865e-02
3.789148479700088501e-02
2.377638593316078186e-02
4.568766057491302490e-02
3.205611929297447205e-02
3.423819690942764282e-02
4.366260021924972534e-02
3.986251354217529297e-02
2.151668816804885864e-02
3.122261166572570801e-02
4.327299818396568298e-02
3.107980079948902130e-02
3.360729292035102844e-02
5.172393098473548889e-02
3.095892630517482758e-02
2.906707115471363068e-02
3.123934194445610046e-02
1.585629023611545563e-02
2.925340831279754639e-02
2.833434753119945526e-02
3.045618534088134766e-02
6.150359287858009338e-02
4.068632423877716064e-02
4.126450791954994202e-02
3.134807199239730835e-02
2.917805686593055725e-02
1.961302757263183594e-02
