3.646948188543319702e-02
3.423849120736122131e-02
2.172065339982509613e-02
5.729390680789947510e-02
2.241956815123558044e-02
1.562189310789108276e-02
2.261660434305667877e-02
2.036807499825954437e-02
2.311856672167778015e-02
2.920417301356792450e-02
2.181153185665607452e-02
4.914117604494094849e-02
1.984270475804805756e-02
2.343204431235790253e-02
2.381033450365066528e-02
3.623770177364349365e-02
2.508443780243396759e-02
1.623349636793136597e-02
3.390686213970184326e-02
2.232721447944641113e-02
3.029596433043479919e-02
2.323073521256446838e-02
2.653544768691062927e-02
3.233437612652778625e-02
1.925664208829402924e-02
2.182032354176044464e-02
4.559995234012603760e-02
1.727666147053241730e-02
2.802916616201400757e-02
2.770345658063888550e-02
5.696807429194450378e-02
1.239413674920797348e-02
1.560322102159261703e-02
4.366470128297805786e-02
4.328360781073570251e-02
4.277891293168067932e-02
2.501116506755352020e-02
1.789657957851886749e-02
3.063121996819972992e-02
2.754287049174308777e-02
2.321406267583370209e-02
1.404138933867216110e-02
5.090637877583503723e-02
4.766760766506195068e-02
2.232309803366661072e-02
3.107739798724651337e-02
1.397127378731966019e-02
1.435219589620828629e-02
2.179636806249618530e-02
4.033699259161949158e-02
1.722974330186843872e-02
8.390937000513076782e-02
2.372292615473270416e-02
3.907284140586853027e-02
1.760770194232463837e-02
4.205978661775588989e-02
2.891028113663196564e-02
3.255369886755943298e-02
1.611154899001121521e-02
3.897347301244735718e-02
4.046391323208808899e-02
6.102240085601806641e-02
2.003367058932781219e-02
2.274731174111366272e-02
2.017713896930217743e-02
3.286778926849365234e-02
4.209641739726066589e-02
7.010356336832046509e-02
4.232502728700637817e-02
3.975825384259223938e-02
4.557546973228454590e-02
1.689414680004119873e-02
1.797616295516490936e-02
2.476385608315467834e-02
2.781029045581817627e-02
3.253436461091041565e-02
1.555614266544580460e-02
1.469939853996038437e-02
4.573836177587509155e-02
3.068392165005207062e-02
4.221658408641815186e-02
4.522235319018363953e-02
2.901212498545646667e-02
2.315154485404491425e-02
3.106084279716014862e-02
1.961480267345905304e-02
2.395289205014705658e-02
2.576358616352081299e-02
3.224322944879531860e-02
2.367191575467586517e-02
2.549337781965732574e-02
5.431877076625823975e-02
1.782871969044208527e-02
2.781894430518150330e-02
3.015095181763172150e-02
5.438851937651634216e-02
4.067460075020790100e-02
3.943520784378051758e-02
3.348740562796592712e-02
2.458863705396652222e-02
3.029462322592735291e-02
2.624642662703990936e-02
3.671584278345108032e-02
2.109848707914352417e-02
6.652288883924484253e-02
2.647699974477291107e-02
2.209340780973434448e-02
1.898035034537315369e-02
3.487109765410423279e-02
1.240073889493942261e-02
4.508027434349060059e-02
3.735598549246788025e-02
1.959576085209846497e-02
2.049961127340793610e-02
1.868450082838535309e-02
4.132790863513946533e-02
3.091020509600639343e-02
3.023688495159149170e-02
1.224329508841037750e-02
2.714864164590835571e-02
4.003206267952919006e-02
2.362412959337234497e-02
2.290572226047515869e-02
2.508167736232280731e-02
3.627362474799156189e-02
4.583393409848213196e-02
1.624332182109355927e-02
1.022095605731010437e-02
2.322504110634326935e-02
2.107809856534004211e-02
2.274613454937934875e-02
4.483604803681373596e-02
1.882124319672584534e-02
1.685442402958869934e-02
2.449837699532508850e-02
3.900316357612609863e-02
2.623676136136054993e-02
2.314255759119987488e-02
2.969595044851303101e-02
3.236385807394981384e-02
1.159528177231550217e-02
6.146990880370140076e-02
3.945907205343246460e-02
2.170448005199432373e-02
2.331845462322235107e-02
3.905007243156433105e-02
6.549727171659469604e-02
1.775579527020454407e-02
2.743699960410594940e-02
2.221871912479400635e-02
3.572000563144683838e-02
5.282264202833175659e-02
3.745799511671066284e-02
2.692190185189247131e-02
4.531354829668998718e-02
2.849921211600303650e-02
6.252568960189819336e-02
2.042000740766525269e-02
1.993494667112827301e-02
2.913628332316875458e-02
2.752754837274551392e-02
2.911205030977725983e-02
2.659165486693382263e-02
2.338249981403350830e-02
5.649566650390625000e-02
2.846983820199966431e-02
1.782639697194099426e-02
4.079876467585563660e-02
2.036284096539020538e-02
4.012841358780860901e-02
5.086264759302139282e-02
3.306801989674568176e-02
3.339158371090888977e-02
1.621567830443382263e-02
3.944037482142448425e-02
1.220642775297164917e-02
1.121621672064065933e-02
2.423649840056896210e-02
3.656559064984321594e-02
1.610895060002803802e-02
3.272981196641921997e-02
1.526153925806283951e-02
5.292771756649017334e-02
2.624132670462131500e-02
2.158150821924209595e-02
4.999465495347976685e-02
1.677999831736087799e-02
1.804282329976558685e-02
4.232858866453170776e-02
1.679330691695213318e-02
1.487816218286752701e-02
5.668354034423828125e-02
1.334696542471647263e-02
2.382626384496688843e-02
4.928476735949516296e-02
1.880815066397190094e-02
2.903419733047485352e-02
3.891767933964729309e-02
1.880280673503875732e-02
3.578492254018783569e-02
