1.923398114740848541e-02
9.349430352449417114e-02
8.310061693191528320e-02
4.044758901000022888e-02
1.071710884571075439e-01
4.597400873899459839e-02
2.169273979961872101e-02
5.743181705474853516e-02
3.300969302654266357e-02
3.473260253667831421e-02
4.056129977107048035e-02
7.594645768404006958e-02
4.259008541703224182e-02
3.694989159703254700e-02
4.043437913060188293e-02
2.531710639595985413e-02
4.168972745537757874e-02
4.067359119653701782e-02
9.452693164348602295e-02
2.518404833972454071e-02
4.671863093972206116e-02
7.273764163255691528e-02
2.007677033543586731e-02
2.599109150469303131e-02
4.434473440051078796e-02
4.075971245765686035e-02
4.183961451053619385e-02
2.316075190901756287e-02
6.230240687727928162e-02
2.642965316772460938e-02
1.913060992956161499e-02
4.146514460444450378e-02
6.050530448555946350e-02
2.134248428046703339e-02
5.877032130956649780e-02
4.888737574219703674e-02
6.076310947537422180e-02
4.925539717078208923e-02
1.869715191423892975e-02
3.260724619030952454e-02
3.750962391495704651e-02
2.463856153190135956e-02
3.304845839738845825e-02
2.721102349460124969e-02
2.356927469372749329e-02
3.592335805296897888e-02
2.143714204430580139e-02
2.042038179934024811e-02
3.696889802813529968e-02
3.661352396011352539e-02
2.940119802951812744e-02
2.980604395270347595e-02
1.826576329767704010e-02
4.603187367320060730e-02
3.193494305014610291e-02
3.179348632693290710e-02
3.928196802735328674e-02
8.305267244577407837e-02
5.748367309570312500e-02
5.514032393693923950e-02
2.012334205210208893e-02
4.700297117233276367e-02
2.981943637132644653e-02
4.997952282428741455e-02
4.403873905539512634e-02
8.221510797739028931e-02
3.807624801993370056e-02
2.855932153761386871e-02
2.171546965837478638e-02
3.705552592873573303e-02
2.190299890935420990e-02
6.766477227210998535e-02
4.906232282519340515e-02
4.497675597667694092e-02
2.148048579692840576e-02
2.640936523675918579e-02
6.046443432569503784e-02
5.102831497788429260e-02
1.360718253999948502e-02
4.944982752203941345e-02
3.351353853940963745e-02
4.214782267808914185e-02
2.426415868103504181e-02
6.986357271671295166e-02
4.306973889470100403e-02
4.472404345870018005e-02
4.592572152614593506e-02
7.206951081752777100e-02
4.079036414623260498e-02
2.677019685506820679e-02
3.085896559059619904e-02
3.803918883204460144e-02
2.978703193366527557e-02
4.534571990370750427e-02
4.146474227309226990e-02
2.622099034488201141e-02
2.219010517001152039e-02
3.607217967510223389e-02
3.421720489859580994e-02
6.345301866531372070e-02
4.755167663097381592e-02
3.541642799973487854e-02
2.501245029270648956e-02
2.220177091658115387e-02
2.907486073672771454e-02
3.506720438599586487e-02
3.662785515189170837e-02
3.087089769542217255e-02
2.966528013348579407e-02
7.335786521434783936e-02
3.560845926403999329e-02
4.880810156464576721e-02
4.785223305225372314e-02
1.789876818656921387e-02
4.519830271601676941e-02
5.329599976539611816e-02
2.182462997734546661e-02
3.489207848906517029e-02
3.129839897155761719e-02
9.960770606994628906e-02
1.872678846120834351e-02
4.840936511754989624e-02
2.802670001983642578e-02
2.854648791253566742e-02
2.688044123351573944e-02
4.822864383459091187e-02
2.154049649834632874e-02
2.235224097967147827e-02
6.792380660772323608e-02
7.198913395404815674e-02
7.515528798103332520e-02
5.613986030220985413e-02
4.431385174393653870e-02
2.807938866317272186e-02
5.425480008125305176e-02
4.221111908555030823e-02
6.140782684087753296e-02
4.602484405040740967e-02
4.079712182283401489e-02
3.627635911107063293e-02
5.163812264800071716e-02
4.170081019401550293e-02
4.853338748216629028e-02
3.686653822660446167e-02
4.355152323842048645e-02
2.151682041585445404e-02
2.918797917664051056e-02
3.185705840587615967e-02
5.638638511300086975e-02
3.197829052805900574e-02
5.420169606804847717e-02
2.467716298997402191e-02
3.713206574320793152e-02
5.797129869461059570e-02
6.761628389358520508e-02
4.633880034089088440e-02
2.709135785698890686e-02
6.045337021350860596e-02
4.844119399785995483e-02
2.667876332998275757e-02
5.221581086516380310e-02
3.496477752923965454e-02
6.263345479965209961e-02
6.172332167625427246e-02
3.128492832183837891e-02
2.384564094245433807e-02
4.960241168737411499e-02
3.398373723030090332e-02
4.109892249107360840e-02
4.725647345185279846e-02
2.938747033476829529e-02
5.773443728685379028e-02
3.140097856521606445e-02
4.924391210079193115e-02
2.050944417715072632e-02
2.782170288264751434e-02
3.178121149539947510e-02
2.516562119126319885e-02
2.629076130688190460e-02
2.515375614166259766e-02
4.761072993278503418e-02
2.537096478044986725e-02
2.659008838236331940e-02
3.471460193395614624e-02
6.902224570512771606e-02
1.682725735008716583e-02
3.730923682451248169e-02
3.336106240749359131e-02
1.160258706659078598e-02
2.323654294013977051e-02
2.902163006365299225e-02
2.676538378000259399e-02
1.561606954783201218e-02
2.676034905016422272e-02
2.233110554516315460e-02
2.717538364231586456e-02
3.242604434490203857e-02
1.485985983163118362e-02
1.153981685638427734e-02
5.206058919429779053e-02
