8.461593650281429291e-03
1.587203890085220337e-02
1.791371777653694153e-02
1.831037178635597229e-02
2.132928371429443359e-02
2.355419285595417023e-02
1.869176328182220459e-02
1.145413052290678024e-02
6.378368008881807327e-03
1.089380215853452682e-02
1.308821793645620346e-02
3.020777367055416107e-02
1.212705858051776886e-02
1.222677435725927353e-02
8.232901804149150848e-03
8.780729956924915314e-03
3.237288817763328552e-02
9.627230465412139893e-03
1.499564386904239655e-02
1.893961057066917419e-02
3.914584964513778687e-02
2.424310147762298584e-02
1.364961918443441391e-02
1.471085194498300552e-02
2.894407697021961212e-02
8.134973235428333282e-03
8.552876301109790802e-03
1.838257722556591034e-02
1.241851039230823517e-02
2.984413132071495056e-02
1.175335701555013657e-02
1.921365410089492798e-02
2.466287277638912201e-02
1.281463075429201126e-02
1.729344576597213745e-02
2.450923435389995575e-02
1.674855686724185944e-02
7.027337793260812759e-03
3.142424300312995911e-02
2.735843323171138763e-02
1.113574299961328506e-02
1.800739578902721405e-02
1.408186461776494980e-02
1.192623283714056015e-02
1.494846306741237640e-02
1.196310296654701233e-02
1.594300009310245514e-02
1.024794112890958786e-02
3.004121780395507812e-02
1.322285085916519165e-02
1.067312341183423996e-02
7.905622012913227081e-03
1.590456813573837280e-02
9.892342612147331238e-03
9.459184482693672180e-03
1.410766039043664932e-02
8.427481167018413544e-03
1.284417044371366501e-02
2.422985062003135681e-02
2.155296318233013153e-02
1.104313600808382034e-02
2.316538430750370026e-02
2.423182316124439240e-02
1.377532258629798889e-02
3.723774477839469910e-02
3.451837599277496338e-02
1.658571697771549225e-02
2.583206258714199066e-02
1.203755941241979599e-02
1.309352461248636246e-02
1.228660158812999725e-02
1.818688586354255676e-02
2.744981274008750916e-02
2.222026139497756958e-02
1.914194785058498383e-02
2.358134277164936066e-02
9.054515510797500610e-03
2.259569987654685974e-02
8.071920834481716156e-03
1.413478888571262360e-02
9.813362732529640198e-03
7.794955745339393616e-03
1.201810501515865326e-02
2.486982010304927826e-02
1.431096624583005905e-02
1.274253986775875092e-02
3.261821717023849487e-02
1.284405589103698730e-02
2.268905937671661377e-02
1.674828864634037018e-02
1.242469530552625656e-02
1.102545298635959625e-02
2.417316287755966187e-02
2.424491383135318756e-02
1.533228624612092972e-02
9.295390918850898743e-03
1.997317373752593994e-02
2.885431796312332153e-02
1.382195204496383667e-02
8.817322552204132080e-03
9.584220126271247864e-03
8.196393959224224091e-03
2.844204381108283997e-02
1.084511913359165192e-02
3.737946227192878723e-02
9.883750230073928833e-03
2.686836011707782745e-02
1.914270967245101929e-02
2.482087351381778717e-02
2.989280782639980316e-02
3.010199218988418579e-02
8.065100759267807007e-03
1.032078359276056290e-02
1.494457572698593140e-02
1.145804207772016525e-02
1.685692556202411652e-02
1.844662986695766449e-02
1.410688553005456924e-02
8.886393159627914429e-03
1.553876977413892746e-02
1.779258623719215393e-02
2.604513242840766907e-02
6.308015901595354080e-03
2.840995043516159058e-02
1.799172908067703247e-02
1.206236612051725388e-02
1.460522599518299103e-02
1.587077975273132324e-02
2.833314053714275360e-02
3.450112044811248779e-02
7.993986830115318298e-03
7.238073740154504776e-03
9.805423207581043243e-03
1.303480193018913269e-02
3.070193901658058167e-02
1.612218841910362244e-02
1.672048121690750122e-02
1.735668443143367767e-02
8.259280584752559662e-03
3.143675625324249268e-02
1.005766727030277252e-02
1.428778469562530518e-02
1.528200134634971619e-02
9.218621999025344849e-03
2.221560105681419373e-02
2.135978825390338898e-02
1.917556859552860260e-02
1.077376026660203934e-02
2.639926411211490631e-02
3.138737380504608154e-02
1.558014471083879471e-02
7.097160909324884415e-03
1.369893550872802734e-02
1.522947661578655243e-02
1.995374262332916260e-02
1.373249106109142303e-02
1.539363712072372437e-02
1.073968876153230667e-02
1.119170617312192917e-02
1.097488868981599808e-02
1.515105925500392914e-02
2.286936901509761810e-02
1.127896923571825027e-02
2.088868431746959686e-02
1.981893926858901978e-02
1.761619374155998230e-02
1.896584033966064453e-02
1.052059605717658997e-02
1.061711087822914124e-02
1.954483613371849060e-02
1.003160700201988220e-02
1.470940187573432922e-02
2.495632506906986237e-02
1.082037668675184250e-02
1.054775714874267578e-02
1.394131034612655640e-02
1.695617660880088806e-02
7.733499165624380112e-03
1.333302725106477737e-02
1.294745225459337234e-02
1.489379629492759705e-02
1.181035023182630539e-02
8.758120238780975342e-03
1.368124596774578094e-02
1.179858483374118805e-02
1.518717221915721893e-02
1.646678894758224487e-02
5.567532498389482498e-03
2.030512504279613495e-02
1.933275163173675537e-02
8.449674583971500397e-03
1.977868750691413879e-02
1.378566771745681763e-02
1.380539312958717346e-02
1.568544283509254456e-02
1.119755581021308899e-02
1.110151223838329315e-02
9.546600282192230225e-03
9.047347120940685272e-03
2.577324770390987396e-02
