1.143457461148500443e-02
1.169379521161317825e-02
1.259972807019948959e-02
3.072808496654033661e-02
3.678568825125694275e-02
1.986860297620296478e-02
1.530624087899923325e-02
1.818010583519935608e-02
1.912329345941543579e-02
1.941856183111667633e-02
3.791360929608345032e-02
3.223451972007751465e-02
4.007423296570777893e-02
3.674909844994544983e-02
2.584671415388584137e-02
3.880132362246513367e-02
1.287369336932897568e-02
4.546757042407989502e-02
3.810787945985794067e-02
1.801696233451366425e-02
4.073497653007507324e-02
2.361649647355079651e-02
2.626275643706321716e-02
4.179131239652633667e-02
2.371071279048919678e-02
2.361326664686203003e-02
2.776259928941726685e-02
2.074995264410972595e-02
1.465301308780908585e-02
2.959777042269706726e-02
5.311557278037071228e-02
2.285446599125862122e-02
1.431122608482837677e-02
2.323186025023460388e-02
2.758675813674926758e-02
2.882407419383525848e-02
2.179850637912750244e-02
2.643768861889839172e-02
3.338829427957534790e-02
1.645496487617492676e-02
2.956875786185264587e-02
1.751955412328243256e-02
1.435984112322330475e-02
1.048055104911327362e-02
2.133088558912277222e-02
2.415258064866065979e-02
1.114303525537252426e-02
3.022399172186851501e-02
1.576031558215618134e-02
3.991425409913063049e-02
3.344326466321945190e-02
6.902619451284408569e-02
3.378171473741531372e-02
2.136965841054916382e-02
1.374971121549606323e-02
2.989660389721393585e-02
3.045636788010597229e-02
2.186477184295654297e-02
3.442069888114929199e-02
4.967267066240310669e-02
2.503218129277229309e-02
3.441919013857841492e-02
1.277828589081764221e-02
2.001619711518287659e-02
2.356900274753570557e-02
1.853203028440475464e-02
2.826834097504615784e-02
4.899815842509269714e-02
2.081147395074367523e-02
4.873951524496078491e-02
1.434615906327962875e-02
1.087613590061664581e-02
3.814999386668205261e-02
3.346581757068634033e-02
1.943879947066307068e-02
1.631220988929271698e-02
4.820011183619499207e-02
3.964011371135711670e-02
1.800331845879554749e-02
4.597446694970130920e-02
3.760687261819839478e-02
2.810106799006462097e-02
2.382353506982326508e-02
4.431332647800445557e-02
3.900765627622604370e-02
2.032815106213092804e-02
1.949603669345378876e-02
4.552924633026123047e-02
2.102574519813060760e-02
1.868792809545993805e-02
3.755059838294982910e-02
1.805646158754825592e-02
3.290359303355216980e-02
1.813697442412376404e-02
3.177393600344657898e-02
1.479292009025812149e-02
1.907727308571338654e-02
2.218338660895824432e-02
1.387862954288721085e-02
2.360426634550094604e-02
2.462882734835147858e-02
2.633244171738624573e-02
2.787308767437934875e-02
1.296890247613191605e-02
2.583460882306098938e-02
1.518291421234607697e-02
2.408516779541969299e-02
1.966427080333232880e-02
4.209091886878013611e-02
8.895097300410270691e-03
2.291073836386203766e-02
1.729861088097095490e-02
2.605437114834785461e-02
1.164796948432922363e-02
3.189472854137420654e-02
4.576723277568817139e-02
3.731915727257728577e-02
2.774482220411300659e-02
2.598346397280693054e-02
1.828273013234138489e-02
4.693994671106338501e-02
3.872636705636978149e-02
2.902679890394210815e-02
1.636106520891189575e-02
3.279928490519523621e-02
1.522393617779016495e-02
1.515705231577157974e-02
2.191184274852275848e-02
1.538280025124549866e-02
3.139601647853851318e-02
2.059879712760448456e-02
1.792205311357975006e-02
4.930099472403526306e-02
1.629854179918766022e-02
4.926643893122673035e-02
1.977844722568988800e-02
1.947416551411151886e-02
1.758498884737491608e-02
8.579026907682418823e-03
2.440079487860202789e-02
5.390619859099388123e-02
1.667050085961818695e-02
2.758467569947242737e-02
1.416427362710237503e-02
1.840515248477458954e-02
1.290267053991556168e-02
2.268044091761112213e-02
1.469536032527685165e-02
3.088656999170780182e-02
1.867540180683135986e-02
4.595840349793434143e-02
1.998099125921726227e-02
1.268574222922325134e-02
3.398072347044944763e-02
5.666029825806617737e-02
2.696716226637363434e-02
1.453825179487466812e-02
3.151595965027809143e-02
2.655057050287723541e-02
1.952368952333927155e-02
1.284319628030061722e-02
2.372146584093570709e-02
1.965870521962642670e-02
5.151137709617614746e-02
2.806190587580204010e-02
2.391484007239341736e-02
1.776931062340736389e-02
1.192704122513532639e-02
2.031696029007434845e-02
2.202630043029785156e-02
1.614488475024700165e-02
1.061591599136590958e-02
3.257089108228683472e-02
1.175403967499732971e-02
2.149830572307109833e-02
1.471079513430595398e-02
1.108804903924465179e-02
1.638713665306568146e-02
2.593868784606456757e-02
1.811242476105690002e-02
2.197743579745292664e-02
3.540197759866714478e-02
3.352560475468635559e-02
3.006291389465332031e-02
5.859547853469848633e-02
1.191704347729682922e-02
1.184292044490575790e-02
1.323739718645811081e-02
1.393652800470590591e-02
3.895140439271926880e-02
2.781697921454906464e-02
1.376585382968187332e-02
1.536131743341684341e-02
2.536315657198429108e-02
2.716277353465557098e-02
1.550199929624795914e-02
2.162508666515350342e-02
4.551125690340995789e-02
2.313576824963092804e-02
1.455676741898059845e-02
