1.384040806442499161e-02
4.098182544112205505e-02
9.815631434321403503e-03
2.847803197801113129e-02
1.496148295700550079e-02
1.589730009436607361e-02
2.569868974387645721e-02
1.963486522436141968e-02
2.259613014757633209e-02
1.960119605064392090e-02
2.656108886003494263e-02
1.986828260123729706e-02
4.293190687894821167e-02
1.866994239389896393e-02
3.369704261422157288e-02
4.590216279029846191e-02
2.923884056508541107e-02
2.227561362087726593e-02
2.274342440068721771e-02
5.970542132854461670e-02
1.863312907516956329e-02
3.554743900895118713e-02
2.428404241800308228e-02
2.879740856587886810e-02
2.372055500745773315e-02
2.300864458084106445e-02
2.415538579225540161e-02
2.959826402366161346e-02
2.692644670605659485e-02
1.873620972037315369e-02
2.005681023001670837e-02
1.370418164879083633e-02
1.982151716947555542e-02
3.672125935554504395e-02
3.860187903046607971e-02
3.016313165426254272e-02
5.247635394334793091e-02
1.506675500422716141e-02
1.316797826439142227e-02
1.565793715417385101e-02
2.248534373939037323e-02
1.794785261154174805e-02
1.633031666278839111e-02
3.229245170950889587e-02
1.568410731852054596e-02
2.554379962384700775e-02
4.349951446056365967e-02
4.761081561446189880e-02
2.163825929164886475e-02
1.732222177088260651e-02
1.608957909047603607e-02
5.654195696115493774e-02
2.396965399384498596e-02
2.621597051620483398e-02
2.754522301256656647e-02
1.986256614327430725e-02
4.291506111621856689e-02
3.393992036581039429e-02
1.755734346807003021e-02
2.919398993253707886e-02
3.132096305489540100e-02
1.786202937364578247e-02
2.509532310068607330e-02
2.778563089668750763e-02
2.373254671692848206e-02
2.442568726837635040e-02
2.796311303973197937e-02
2.006299421191215515e-02
7.451992481946945190e-02
4.111664742231369019e-02
3.812140598893165588e-02
1.749419048428535461e-02
2.562534995377063751e-02
2.798477001488208771e-02
2.160921506583690643e-02
2.402700297534465790e-02
1.447574608027935028e-02
5.687413364648818970e-02
3.519828245043754578e-02
4.948597401380538940e-02
1.428730413317680359e-02
2.276283316314220428e-02
2.523574978113174438e-02
1.566354930400848389e-02
2.415330708026885986e-02
1.779638603329658508e-02
4.088797792792320251e-02
3.974933177232742310e-02
3.273946419358253479e-02
5.250993743538856506e-02
4.398908838629722595e-02
6.671135127544403076e-02
3.680834546685218811e-02
5.466653779149055481e-02
3.545146062970161438e-02
1.972714252769947052e-02
3.852789849042892456e-02
3.145112097263336182e-02
3.781092539429664612e-02
2.634516172111034393e-02
1.923400908708572388e-02
3.631466999650001526e-02
3.517484664916992188e-02
3.652576357126235962e-02
6.733242422342300415e-02
4.809007048606872559e-02
3.605057299137115479e-02
1.754668727517127991e-02
6.222473084926605225e-02
3.417944535613059998e-02
5.190937221050262451e-02
3.033049404621124268e-02
5.174332484602928162e-02
3.677771240472793579e-02
1.853044703602790833e-02
4.172638431191444397e-02
5.116501450538635254e-02
3.838300704956054688e-02
5.388031899929046631e-02
3.334590420126914978e-02
2.640116401016712189e-02
2.998558431863784790e-02
1.846454665064811707e-02
4.336765408515930176e-02
2.493076771497726440e-02
5.190350115299224854e-02
2.957613207399845123e-02
1.669791154563426971e-02
2.400350384414196014e-02
4.610345140099525452e-02
2.368456497788429260e-02
2.807529084384441376e-02
3.308101743459701538e-02
1.089278701692819595e-02
6.484538316726684570e-02
3.706257790327072144e-02
2.710017561912536621e-02
3.045610338449478149e-02
7.832573354244232178e-02
4.571103677153587341e-02
2.121056057512760162e-02
4.189413413405418396e-02
5.118033289909362793e-02
2.102975919842720032e-02
1.666519977152347565e-02
3.319536149501800537e-02
2.893838658928871155e-02
3.042233735322952271e-02
2.285314910113811493e-02
1.930933259427547455e-02
3.831256926059722900e-02
3.993276134133338928e-02
4.244224727153778076e-02
3.819455206394195557e-02
4.141702875494956970e-02
2.866569347679615021e-02
4.103720188140869141e-02
3.273031488060951233e-02
2.156482636928558350e-02
2.980767935514450073e-02
1.482023391872644424e-02
3.126601129770278931e-02
3.575561195611953735e-02
1.395183149725198746e-02
8.723732084035873413e-02
2.234298735857009888e-02
1.114386171102523804e-01
2.987059205770492554e-02
3.955394402146339417e-02
4.085287451744079590e-02
1.911714673042297363e-02
3.170445933938026428e-02
2.827462181448936462e-02
2.782929316163063049e-02
3.181479871273040771e-02
3.089642152190208435e-02
5.353936180472373962e-02
6.843131780624389648e-02
8.020726591348648071e-02
5.930599570274353027e-02
4.606449231505393982e-02
6.411412358283996582e-02
5.344276875257492065e-02
3.636853396892547607e-02
4.948309063911437988e-02
1.084514558315277100e-01
5.404279753565788269e-02
1.043792515993118286e-01
5.033848062157630920e-02
1.476082801818847656e-01
4.074392840266227722e-02
2.018154263496398926e-01
3.056666627526283264e-02
1.884807944297790527e-01
6.422971934080123901e-02
6.739214062690734863e-02
1.366855502128601074e-01
1.481317281723022461e-01
1.012920513749122620e-01
1.068981364369392395e-01
