1.038137916475534439e-02
1.245849672704935074e-02
2.555820159614086151e-02
2.052108198404312134e-02
2.127337269484996796e-02
1.965966261923313141e-02
7.738927844911813736e-03
9.170096367597579956e-03
2.742636203765869141e-02
2.494283579289913177e-02
2.319202572107315063e-02
1.299352571368217468e-02
1.512553449720144272e-02
2.303431741893291473e-02
8.409891277551651001e-03
1.482026092708110809e-02
8.770134299993515015e-03
1.171935908496379852e-02
1.379826199263334274e-02
5.918523296713829041e-03
1.007168926298618317e-02
3.949884325265884399e-02
1.668317429721355438e-02
1.191017590463161469e-02
2.839319407939910889e-02
1.535030826926231384e-02
9.756179526448249817e-03
1.583189144730567932e-02
9.453739970922470093e-03
1.475012768059968948e-02
8.487703278660774231e-03
1.268701907247304916e-02
1.521821413189172745e-02
8.487881161272525787e-03
2.327189221978187561e-02
3.672058507800102234e-02
8.774246089160442352e-03
3.327907249331474304e-02
1.094676181674003601e-02
1.461751386523246765e-02
1.692859455943107605e-02
1.547139883041381836e-02
2.494482882320880890e-02
2.760643512010574341e-02
1.924536749720573425e-02
1.907703839242458344e-02
1.871951669454574585e-02
1.660716906189918518e-02
1.090937387198209763e-02
1.381195895373821259e-02
9.535075165331363678e-03
2.271796762943267822e-02
1.655696518719196320e-02
1.176497153937816620e-02
1.012577861547470093e-02
9.432911872863769531e-03
1.823608390986919403e-02
1.895696297287940979e-02
1.066793967038393021e-02
7.877109572291374207e-03
1.074258238077163696e-02
1.030201092362403870e-02
3.038961812853813171e-02
2.926146239042282104e-02
7.158790249377489090e-03
1.028391905128955841e-02
1.960053853690624237e-02
6.065497174859046936e-03
1.135496143251657486e-02
1.406240649521350861e-02
1.003633346408605576e-02
3.095680847764015198e-02
1.396793406456708908e-02
8.062551729381084442e-03
1.074136421084403992e-02
1.143556274473667145e-02
1.408588793128728867e-02
1.396209932863712311e-02
1.106807030737400055e-02
1.604407839477062225e-02
2.100283093750476837e-02
8.524796925485134125e-03
1.889646053314208984e-02
1.777757890522480011e-02
1.105749979615211487e-02
1.169563364237546921e-02
1.315438747406005859e-02
2.960238046944141388e-02
7.638947106897830963e-03
1.305990852415561676e-02
9.713072329759597778e-03
1.039711385965347290e-02
1.271234266459941864e-02
3.059628792107105255e-02
1.631909236311912537e-02
2.302163280546665192e-02
1.785717718303203583e-02
1.711904071271419525e-02
9.778779931366443634e-03
9.791092015802860260e-03
1.028378494083881378e-02
1.653373800218105316e-02
1.358144171535968781e-02
1.131904218345880508e-02
9.811975061893463135e-03
7.089534308761358261e-03
1.235240604728460312e-02
1.144445501267910004e-02
6.442614831030368805e-03
1.033776067197322845e-02
1.230228412896394730e-02
2.488315664231777191e-02
1.297272555530071259e-02
2.969247847795486450e-02
1.245736423879861832e-02
1.947828009724617004e-02
1.232667546719312668e-02
1.075403392314910889e-02
3.151784092187881470e-02
2.967469953000545502e-02
2.544191107153892517e-02
7.300218101590871811e-03
1.415122952312231064e-02
1.065093651413917542e-02
8.340125903487205505e-03
9.459597989916801453e-03
2.048711851239204407e-02
1.510655973106622696e-02
1.369997207075357437e-02
1.279280707240104675e-02
1.301158312708139420e-02
7.089731283485889435e-03
2.620184421539306641e-02
1.902118138968944550e-02
8.012522011995315552e-03
1.500130910426378250e-02
9.801859967410564423e-03
1.930504851043224335e-02
1.685940474271774292e-02
1.692759245634078979e-02
1.699030585587024689e-02
1.586790196597576141e-02
2.001047134399414062e-02
9.646448306739330292e-03
3.246244415640830994e-02
4.170846194028854370e-02
3.465574979782104492e-02
1.700384542346000671e-02
1.951836608350276947e-02
1.261857710778713226e-02
1.237332262098789215e-02
1.239154860377311707e-02
1.190834864974021912e-02
3.176515549421310425e-02
7.691433653235435486e-03
1.014239899814128876e-02
2.210542000830173492e-02
2.899881266057491302e-02
2.708979509770870209e-02
2.047099359333515167e-02
9.307186119258403778e-03
1.814740523695945740e-02
1.633618772029876709e-02
2.061206661164760590e-02
8.866266347467899323e-03
1.096997316926717758e-02
1.295666676014661789e-02
2.020501345396041870e-02
1.246013399213552475e-02
1.351472176611423492e-02
1.050027646124362946e-02
3.045714832842350006e-02
2.173003926873207092e-02
2.450837567448616028e-02
2.591119892895221710e-02
2.494302205741405487e-02
1.024207100272178650e-02
1.416183821856975555e-02
2.098944038152694702e-02
2.760521322488784790e-02
1.884038746356964111e-02
3.105322457849979401e-02
2.770496718585491180e-02
2.291300892829895020e-02
1.557481195777654648e-02
2.126401476562023163e-02
1.142480596899986267e-02
3.512955084443092346e-02
2.469549328088760376e-02
2.877166494727134705e-02
2.856093645095825195e-02
1.593688689172267914e-02
1.574143767356872559e-02
1.608761958777904510e-02
1.655739732086658478e-02
1.500724442303180695e-02
2.042593248188495636e-02
2.634423039853572845e-02
3.411529213190078735e-02
1.226130872964859009e-02
