7.056088000535964966e-02
1.432051043957471848e-02
1.784843392670154572e-02
1.808625832200050354e-02
5.811144411563873291e-02
3.636325895786285400e-02
2.379174344241619110e-02
3.317881003022193909e-02
4.463616386055946350e-02
3.358402475714683533e-02
1.482209935784339905e-02
1.336857862770557404e-02
3.970258310437202454e-02
3.113249875605106354e-02
2.619963884353637695e-02
1.579672098159790039e-02
1.453273370862007141e-02
2.122363634407520294e-02
1.875385455787181854e-02
2.305621653795242310e-02
1.301392447203397751e-02
1.316394377499818802e-02
1.930792070925235748e-02
3.370482847094535828e-02
4.100035876035690308e-02
1.143500208854675293e-02
1.711104810237884521e-02
2.269073389470577240e-02
1.455835718661546707e-02
3.669204190373420715e-02
2.369131706655025482e-02
4.533481597900390625e-02
1.250188797712326050e-02
1.356518175452947617e-02
2.064395695924758911e-02
2.269204147160053253e-02
2.236331254243850708e-02
2.322520501911640167e-02
2.111233398318290710e-02
1.212758757174015045e-02
1.753123663365840912e-02
2.897640317678451538e-02
1.547196414321660995e-02
1.777584478259086609e-02
1.435864157974720001e-02
4.043803364038467407e-02
2.346756868064403534e-02
2.973826788365840912e-02
2.205705270171165466e-02
2.544855698943138123e-02
1.463836804032325745e-02
1.952215284109115601e-02
1.661006547510623932e-02
1.087347790598869324e-02
1.592731103301048279e-02
1.267481781542301178e-02
1.317290496081113815e-02
2.121417783200740814e-02
2.459593117237091064e-02
3.304466605186462402e-02
1.867392286658287048e-02
2.243290096521377563e-02
1.214570645242929459e-02
1.252506487071514130e-02
4.032414779067039490e-02
1.523675490170717239e-02
2.183727361261844635e-02
2.380776032805442810e-02
2.187366224825382233e-02
2.149510383605957031e-02
2.237128093838691711e-02
4.315425828099250793e-02
1.163760013878345490e-02
2.469629235565662384e-02
2.397461608052253723e-02
1.112209632992744446e-02
1.601263880729675293e-02
2.924393489956855774e-02
1.310403645038604736e-02
3.553956747055053711e-02
2.066452056169509888e-02
1.663373224437236786e-02
1.845056563615798950e-02
1.460462156683206558e-02
1.119606662541627884e-02
1.031935028731822968e-02
1.506219152361154556e-02
1.090481039136648178e-02
2.019085548818111420e-02
9.358827024698257446e-03
3.064927645027637482e-02
1.573251187801361084e-02
1.681532897055149078e-02
1.675171032547950745e-02
1.494764816015958786e-02
1.342339441180229187e-02
2.046928554773330688e-02
2.818822860717773438e-02
2.050733938813209534e-02
3.487307205796241760e-02
2.174356766045093536e-02
3.421486169099807739e-02
1.619887724518775940e-02
1.426788792014122009e-02
3.349754959344863892e-02
3.124844096601009369e-02
1.343832258135080338e-02
1.224668696522712708e-02
3.941647335886955261e-02
3.621029481291770935e-02
2.137943357229232788e-02
1.394205819815397263e-02
1.548217330127954483e-02
1.642714068293571472e-02
8.773094043135643005e-03
4.633092507719993591e-02
1.248438470065593719e-02
1.987097971141338348e-02
1.343378890305757523e-02
2.866701781749725342e-02
3.921931982040405273e-02
1.582734845578670502e-02
2.312640845775604248e-02
3.700828179717063904e-02
3.297993540763854980e-02
9.800089523196220398e-03
1.610960997641086578e-02
3.993630036711692810e-02
2.137744054198265076e-02
2.205248922109603882e-02
4.751188308000564575e-02
3.792064636945724487e-02
3.748309612274169922e-02
1.581592485308647156e-02
2.772329933941364288e-02
2.941579371690750122e-02
4.352806881070137024e-02
2.018844708800315857e-02
2.119732461869716644e-02
8.757104165852069855e-03
2.839179895818233490e-02
3.436186164617538452e-02
1.953382603824138641e-02
1.419597398489713669e-02
1.290641538798809052e-02
6.236083805561065674e-03
8.506179787218570709e-03
1.062104105949401855e-02
7.890747860074043274e-03
3.238939493894577026e-02
1.467338949441909790e-02
1.519908010959625244e-02
2.710055932402610779e-02
5.381260439753532410e-02
1.584341004490852356e-02
3.726858645677566528e-02
1.384000200778245926e-02
3.536281734704971313e-02
4.460497573018074036e-02
1.774753443896770477e-02
2.823707833886146545e-02
2.283790893852710724e-02
1.793056353926658630e-02
2.139424346387386322e-02
2.046664990484714508e-02
6.249951943755149841e-02
2.147308550775051117e-02
1.891577616333961487e-02
2.393200062215328217e-02
1.351250428706407547e-02
2.042823657393455505e-02
3.490865230560302734e-02
2.926980704069137573e-02
3.152658045291900635e-02
2.218336239457130432e-02
1.148548536002635956e-02
3.847800195217132568e-02
1.828148961067199707e-02
1.160450186580419540e-02
2.393176779150962830e-02
2.078928425908088684e-02
1.437903754413127899e-02
3.056716918945312500e-02
1.895453780889511108e-02
3.760375082492828369e-02
1.391046401113271713e-02
1.674103550612926483e-02
1.219131983816623688e-02
2.114009670913219452e-02
8.138136006891727448e-03
8.485279045999050140e-03
2.784744277596473694e-02
1.663112267851829529e-02
1.425967458635568619e-02
1.385512575507164001e-02
2.685520425438880920e-02
1.363933552056550980e-02
2.555482648313045502e-02
1.579370722174644470e-02
2.302999049425125122e-02
