3.333333432674407959e-01
3.333333432674407959e-01
9.946179389953613281e-01
9.921187758445739746e-01
3.333333432674407959e-01
3.333333432674407959e-01
3.333333432674407959e-01
6.570068597793579102e-01
3.333333432674407959e-01
3.333333432674407959e-01
3.333333432674407959e-01
3.333333432674407959e-01
9.947069883346557617e-01
3.333333432674407959e-01
9.913251399993896484e-01
9.895156621932983398e-01
9.894630908966064453e-01
9.828219413757324219e-01
3.333333432674407959e-01
9.862210750579833984e-01
3.333333432674407959e-01
3.333333432674407959e-01
3.333333432674407959e-01
9.886233210563659668e-01
3.333333432674407959e-01
9.834405183792114258e-01
9.804107546806335449e-01
9.816398024559020996e-01
3.333333432674407959e-01
6.488541960716247559e-01
3.333333432674407959e-01
3.333333432674407959e-01
3.333333432674407959e-01
9.946177005767822266e-01
9.929144382476806641e-01
3.333333432674407959e-01
9.909555315971374512e-01
9.895858168601989746e-01
9.885186553001403809e-01
3.333333432674407959e-01
9.873678088188171387e-01
6.580271720886230469e-01
3.333333432674407959e-01
3.333333432674407959e-01
3.333333432674407959e-01
9.859777688980102539e-01
9.833716154098510742e-01
3.333333432674407959e-01
9.775272607803344727e-01
3.333333432674407959e-01
9.766672849655151367e-01
3.333333432674407959e-01
9.730002284049987793e-01
3.333333432674407959e-01
6.521081924438476562e-01
3.333333432674407959e-01
3.333333432674407959e-01
3.333333432674407959e-01
9.896030426025390625e-01
3.333333432674407959e-01
9.838188886642456055e-01
9.811441302299499512e-01
9.730334281921386719e-01
9.785081744194030762e-01
6.484946608543395996e-01
3.333333432674407959e-01
3.333333432674407959e-01
3.333333432674407959e-01
3.333333432674407959e-01
6.584855318069458008e-01
3.333333432674407959e-01
9.881693720817565918e-01
9.815883636474609375e-01
9.784065485000610352e-01
9.720858335494995117e-01
9.674381613731384277e-01
9.615542292594909668e-01
9.547082781791687012e-01
3.333333432674407959e-01
3.333333432674407959e-01
3.333333432674407959e-01
3.333333432674407959e-01
3.333333432674407959e-01
6.499867439270019531e-01
9.843015074729919434e-01
9.839568138122558594e-01
3.333333432674407959e-01
9.859783649444580078e-01
3.333333432674407959e-01
3.333333432674407959e-01
9.916247725486755371e-01
3.333333432674407959e-01
3.333333432674407959e-01
3.333333432674407959e-01
6.613561511039733887e-01
9.931801557540893555e-01
9.916953444480895996e-01
3.333333432674407959e-01
9.883789420127868652e-01
9.884138107299804688e-01
9.871069192886352539e-01
9.842325448989868164e-01
9.851301908493041992e-01
3.333333432674407959e-01
3.333333432674407959e-01
3.333333432674407959e-01
3.333333432674407959e-01
6.586436033248901367e-01
3.333333432674407959e-01
9.887630939483642578e-01
3.333333432674407959e-01
9.787791967391967773e-01
6.484774351119995117e-01
3.333333432674407959e-01
3.333333432674407959e-01
3.333333432674407959e-01
3.333333432674407959e-01
3.333333432674407959e-01
3.333333432674407959e-01
9.840257167816162109e-01
3.333333432674407959e-01
3.333333432674407959e-01
3.333333432674407959e-01
3.333333432674407959e-01
3.333333432674407959e-01
3.333333432674407959e-01
3.333333432674407959e-01
3.333333432674407959e-01
6.584150195121765137e-01
3.333333432674407959e-01
9.909906387329101562e-01
3.333333432674407959e-01
3.333333432674407959e-01
3.333333432674407959e-01
9.879252314567565918e-01
9.899187088012695312e-01
9.932686090469360352e-01
6.583268046379089355e-01
3.333333432674407959e-01
3.333333432674407959e-01
3.333333432674407959e-01
3.333333432674407959e-01
6.614269614219665527e-01
9.919775724411010742e-01
9.878901839256286621e-01
9.843013286590576172e-01
9.798828959465026855e-01
9.846981763839721680e-01
6.536343097686767578e-01
3.333333432674407959e-01
3.333333432674407959e-01
3.333333432674407959e-01
3.333333432674407959e-01
3.333333432674407959e-01
9.919952750205993652e-01
9.889204502105712891e-01
9.870545864105224609e-01
9.859783649444580078e-01
9.858223795890808105e-01
3.333333432674407959e-01
9.873329997062683105e-01
3.333333432674407959e-01
3.333333432674407959e-01
3.333333432674407959e-01
3.333333432674407959e-01
3.333333432674407959e-01
3.333333432674407959e-01
9.896208047866821289e-01
9.839222431182861328e-01
9.848191738128662109e-01
3.333333432674407959e-01
3.333333432674407959e-01
3.333333432674407959e-01
6.625326871871948242e-01
6.580976247787475586e-01
9.890428781509399414e-01
9.889204502105712891e-01
9.872981905937194824e-01
9.851993322372436523e-01
3.333333432674407959e-01
9.841808080673217773e-01
3.333333432674407959e-01
3.333333432674407959e-01
3.333333432674407959e-01
3.333333432674407959e-01
9.902698397636413574e-01
9.886757135391235352e-01
9.840773940086364746e-01
9.814516901969909668e-01
9.774259924888610840e-01
9.805982112884521484e-01
9.814345836639404297e-01
9.821703433990478516e-01
3.333333432674407959e-01
3.333333432674407959e-01
3.333333432674407959e-01
3.333333432674407959e-01
3.333333432674407959e-01
6.528357267379760742e-01
3.333333432674407959e-01
3.333333432674407959e-01
9.824960231781005859e-01
9.822388887405395508e-01
9.897434115409851074e-01
6.563576459884643555e-01
6.634985804557800293e-01
3.333333432674407959e-01
3.333333432674407959e-01
9.938895106315612793e-01
9.913427829742431641e-01
9.904454946517944336e-01
9.892705678939819336e-01
9.882742166519165039e-01
3.333333432674407959e-01
3.333333432674407959e-01
9.848710298538208008e-01
3.333333432674407959e-01
3.333333432674407959e-01
3.333333432674407959e-01
3.333333432674407959e-01
9.943515062332153320e-01
9.892354011535644531e-01
9.853549003601074219e-01
9.826331138610839844e-01
9.871242046356201172e-01
9.853031039237976074e-01
9.854761362075805664e-01
6.512441635131835938e-01
6.497805118560791016e-01
3.333333432674407959e-01
3.333333432674407959e-01
9.948852062225341797e-01
3.333333432674407959e-01
3.333333432674407959e-01
9.855452775955200195e-01
3.333333432674407959e-01
3.333333432674407959e-01
3.333333432674407959e-01
3.333333432674407959e-01
3.333333432674407959e-01
3.333333432674407959e-01
3.333333432674407959e-01
3.333333432674407959e-01
3.333333432674407959e-01
9.795770049095153809e-01
9.646040797233581543e-01
3.333333432674407959e-01
9.624225497245788574e-01
9.702647924423217773e-01
9.721688032150268555e-01
9.685854315757751465e-01
9.819819331169128418e-01
9.947602748870849609e-01
3.333333432674407959e-01
3.333333432674407959e-01
3.333333432674407959e-01
9.877333641052246094e-01
9.835952520370483398e-01
3.333333432674407959e-01
9.736167788505554199e-01
3.333333432674407959e-01
9.741009473800659180e-01
9.749373793601989746e-01
9.827704429626464844e-01
3.333333432674407959e-01
9.958657026290893555e-01
9.948140382766723633e-01
9.924015402793884277e-01
9.898311495780944824e-01
3.333333432674407959e-01
9.894281625747680664e-01
9.883440732955932617e-01
6.594928503036499023e-01
3.333333432674407959e-01
3.333333432674407959e-01
3.333333432674407959e-01
9.931620955467224121e-01
3.333333432674407959e-01
3.333333432674407959e-01
3.333333432674407959e-01
9.850264787673950195e-01
9.819648265838623047e-01
9.800361394882202148e-01
9.713892936706542969e-01
3.333333432674407959e-01
3.333333432674407959e-01
3.333333432674407959e-01
6.607517004013061523e-01
6.504513025283813477e-01
6.518487334251403809e-01
3.333333432674407959e-01
3.333333432674407959e-01
9.753228425979614258e-01
9.747363924980163574e-01
9.733499884605407715e-01
9.735834598541259766e-01
9.785759449005126953e-01
3.333333432674407959e-01
3.333333432674407959e-01
6.628007888793945312e-01
9.905683994293212891e-01
9.831480979919433594e-01
3.333333432674407959e-01
9.823417067527770996e-01
9.789149165153503418e-01
9.788979887962341309e-01
9.832341670989990234e-01
3.333333432674407959e-01
3.333333432674407959e-01
3.333333432674407959e-01
3.333333432674407959e-01
3.333333432674407959e-01
3.333333432674407959e-01
3.333333432674407959e-01
3.333333432674407959e-01
3.333333432674407959e-01
3.333333432674407959e-01
3.333333432674407959e-01
9.817423224449157715e-01
9.810757637023925781e-01
9.815541505813598633e-01
9.842841029167175293e-01
3.333333432674407959e-01
9.891127347946166992e-01
9.915716052055358887e-01
3.333333432674407959e-01
3.333333432674407959e-01
9.900240898132324219e-01
9.850263595581054688e-01
9.796279668807983398e-01
3.333333432674407959e-01
3.333333432674407959e-01
3.333333432674407959e-01
3.333333432674407959e-01
9.892879724502563477e-01
9.879774451255798340e-01
9.855626821517944336e-01
9.846982955932617188e-01
9.806663990020751953e-01
9.783558249473571777e-01
9.808710813522338867e-01
3.333333432674407959e-01
3.333333432674407959e-01
3.333333432674407959e-01
3.333333432674407959e-01
3.333333432674407959e-01
3.333333432674407959e-01
3.333333432674407959e-01
9.821360111236572266e-01
3.333333432674407959e-01
3.333333432674407959e-01
9.772572517395019531e-01
9.763474464416503906e-01
9.796789884567260742e-01
6.463456153869628906e-01
3.333333432674407959e-01
3.333333432674407959e-01
6.630334258079528809e-01
9.916953444480895996e-01
9.876986742019653320e-01
9.883440732955932617e-01
3.333333432674407959e-01
9.818621873855590820e-01
9.797298908233642578e-01
3.333333432674407959e-01
3.333333432674407959e-01
3.333333432674407959e-01
3.333333432674407959e-01
6.627470254898071289e-01
3.333333432674407959e-01
9.884312152862548828e-01
9.855972528457641602e-01
3.333333432674407959e-01
9.793392419815063477e-01
9.780173301696777344e-01
9.817423820495605469e-01
3.333333432674407959e-01
3.333333432674407959e-01
3.333333432674407959e-01
3.333333432674407959e-01
3.333333432674407959e-01
3.333333432674407959e-01
3.333333432674407959e-01
9.653996229171752930e-01
3.333333432674407959e-01
9.725177288055419922e-01
9.776455163955688477e-01
3.333333432674407959e-01
3.333333432674407959e-01
3.333333432674407959e-01
3.333333432674407959e-01
3.333333432674407959e-01
3.333333432674407959e-01
6.538082361221313477e-01
9.855105876922607422e-01
9.838189482688903809e-01
9.788640737533569336e-01
9.779159426689147949e-01
6.470603942871093750e-01
3.333333432674407959e-01
3.333333432674407959e-01
3.333333432674407959e-01
3.333333432674407959e-01
3.333333432674407959e-01
3.333333432674407959e-01
3.333333432674407959e-01
9.914484024047851562e-01
9.846291542053222656e-01
9.862556457519531250e-01
9.849573373794555664e-01
3.333333432674407959e-01
9.808369874954223633e-01
9.677327871322631836e-01
9.709257483482360840e-01
9.829592704772949219e-01
3.333333432674407959e-01
3.333333432674407959e-01
3.333333432674407959e-01
6.526450514793395996e-01
9.850091934204101562e-01
9.827189445495605469e-01
9.857184886932373047e-01
9.854415655136108398e-01
3.333333432674407959e-01
9.815371036529541016e-01
9.884312152862548828e-01
9.887630939483642578e-01
3.333333432674407959e-01
6.629260778427124023e-01
3.333333432674407959e-01
6.599353551864624023e-01
6.568487882614135742e-01
9.858741164207458496e-01
3.333333432674407959e-01
9.870893955230712891e-01
3.333333432674407959e-01
6.526276469230651855e-01
3.333333432674407959e-01
3.333333432674407959e-01
3.333333432674407959e-01
3.333333432674407959e-01
3.333333432674407959e-01
3.333333432674407959e-01
3.333333432674407959e-01
3.333333432674407959e-01
9.830795526504516602e-01
3.333333432674407959e-01
3.333333432674407959e-01
3.333333432674407959e-01
9.829420447349548340e-01
9.887806177139282227e-01
3.333333432674407959e-01
6.572352647781372070e-01
6.628722548484802246e-01
3.333333432674407959e-01
3.333333432674407959e-01
6.571471691131591797e-01
9.883786439895629883e-01
3.333333432674407959e-01
9.810757040977478027e-01
9.786605834960937500e-01
6.472989320755004883e-01
3.333333432674407959e-01
3.333333432674407959e-01
3.333333432674407959e-01
6.627827882766723633e-01
3.333333432674407959e-01
3.333333432674407959e-01
9.871937036514282227e-01
9.878903627395629883e-01
9.863945245742797852e-01
9.877509474754333496e-01
3.333333432674407959e-01
3.333333432674407959e-01
3.333333432674407959e-01
3.333333432674407959e-01
3.333333432674407959e-01
3.333333432674407959e-01
9.926489591598510742e-01
9.882740974426269531e-01
9.819819331169128418e-01
9.781357049942016602e-01
9.762970209121704102e-01
3.333333432674407959e-01
9.763979315757751465e-01
9.797300100326538086e-01
3.333333432674407959e-01
3.333333432674407959e-01
3.333333432674407959e-01
3.333333432674407959e-01
3.333333432674407959e-01
3.333333432674407959e-01
9.841463565826416016e-01
9.827703833580017090e-01
9.860476255416870117e-01
9.852683544158935547e-01
3.333333432674407959e-01
9.933749437332153320e-01
3.333333432674407959e-01
3.333333432674407959e-01
3.333333432674407959e-01
9.956163167953491211e-01
9.915894865989685059e-01
3.333333432674407959e-01
3.333333432674407959e-01
9.885885119438171387e-01
9.873155951499938965e-01
9.873852133750915527e-01
9.879252910614013672e-01
3.333333432674407959e-01
3.333333432674407959e-01
3.333333432674407959e-01
3.333333432674407959e-01
3.333333432674407959e-01
9.882564544677734375e-01
9.814002513885498047e-01
9.798829555511474609e-01
9.795090556144714355e-01
9.783050417900085449e-01
3.333333432674407959e-01
3.333333432674407959e-01
3.333333432674407959e-01
3.333333432674407959e-01
9.851990938186645508e-01
9.803423881530761719e-01
9.772908687591552734e-01
9.672580957412719727e-01
9.714057445526123047e-01
9.714223146438598633e-01
3.333333432674407959e-01
3.333333432674407959e-01
3.333333432674407959e-01
3.333333432674407959e-01
3.333333432674407959e-01
6.583620905876159668e-01
3.333333432674407959e-01
9.860648512840270996e-01
9.853203296661376953e-01
9.802233576774597168e-01
3.333333432674407959e-01
9.678966403007507324e-01
3.333333432674407959e-01
9.832686185836791992e-01
3.333333432674407959e-01
6.587855815887451172e-01
9.853720068931579590e-01
3.333333432674407959e-01
3.333333432674407959e-01
9.777975082397460938e-01
9.771391153335571289e-01
9.773246645927429199e-01
9.763306379318237305e-01
9.764820337295532227e-01
9.790844917297363281e-01
6.470433473587036133e-01
3.333333432674407959e-01
3.333333432674407959e-01
3.333333432674407959e-01
3.333333432674407959e-01
3.333333432674407959e-01
3.333333432674407959e-01
6.520389318466186523e-01
3.333333432674407959e-01
9.790505766868591309e-01
3.333333432674407959e-01
9.709919691085815430e-01
3.333333432674407959e-01
3.333333432674407959e-01
3.333333432674407959e-01
3.333333432674407959e-01
3.333333432674407959e-01
9.948848485946655273e-01
3.333333432674407959e-01
9.890779256820678711e-01
9.890604019165039062e-01
3.333333432674407959e-01
3.333333432674407959e-01
9.890780448913574219e-01
6.561123728752136230e-01
3.333333432674407959e-01
3.333333432674407959e-01
3.333333432674407959e-01
3.333333432674407959e-01
3.333333432674407959e-01
3.333333432674407959e-01
9.881170988082885742e-01
3.333333432674407959e-01
3.333333432674407959e-01
9.815884828567504883e-01
9.753395915031433105e-01
3.333333432674407959e-01
6.423083543777465820e-01
6.423754692077636719e-01
3.333333432674407959e-01
3.333333432674407959e-01
3.333333432674407959e-01
3.333333432674407959e-01
3.333333432674407959e-01
3.333333432674407959e-01
3.333333432674407959e-01
9.842497110366821289e-01
9.846810102462768555e-01
3.333333432674407959e-01
9.871067404747009277e-01
9.886931777000427246e-01
9.920658469200134277e-01
3.333333432674407959e-01
3.333333432674407959e-01
3.333333432674407959e-01
6.569892764091491699e-01
3.333333432674407959e-01
3.333333432674407959e-01
9.814003705978393555e-01
9.773077964782714844e-01
3.333333432674407959e-01
3.333333432674407959e-01
9.734166860580444336e-01
3.333333432674407959e-01
3.333333432674407959e-01
3.333333432674407959e-01
3.333333432674407959e-01
3.333333432674407959e-01
6.597225666046142578e-01
9.910256266593933105e-01
9.835607409477233887e-01
9.832341074943542480e-01
9.805299639701843262e-01
9.792373180389404297e-01
6.446163654327392578e-01
3.333333432674407959e-01
3.333333432674407959e-01
3.333333432674407959e-01
3.333333432674407959e-01
6.614096164703369141e-01
9.906389117240905762e-01
9.830965995788574219e-01
9.802063703536987305e-01
9.819135069847106934e-01
9.789488315582275391e-01
3.333333432674407959e-01
9.774935245513916016e-01
9.828047752380371094e-01
6.576750278472900391e-01
3.333333432674407959e-01
3.333333432674407959e-01
3.333333432674407959e-01
3.333333432674407959e-01
3.333333432674407959e-01
3.333333432674407959e-01
3.333333432674407959e-01
6.582383513450622559e-01
3.333333432674407959e-01
9.870892763137817383e-01
9.848536252975463867e-01
9.832856059074401855e-01
9.850780963897705078e-01
6.528703570365905762e-01
3.333333432674407959e-01
3.333333432674407959e-01
3.333333432674407959e-01
3.333333432674407959e-01
6.620330810546875000e-01
3.333333432674407959e-01
9.928967952728271484e-01
9.893929958343505859e-01
9.864639043807983398e-01
9.834920763969421387e-01
9.818964004516601562e-01
3.333333432674407959e-01
3.333333432674407959e-01
3.333333432674407959e-01
3.333333432674407959e-01
3.333333432674407959e-01
3.333333432674407959e-01
6.510026454925537109e-01
9.848710298538208008e-01
9.822388887405395508e-01
9.810246825218200684e-01
3.333333432674407959e-01
3.333333432674407959e-01
9.825302958488464355e-01
3.333333432674407959e-01
9.923485517501831055e-01
9.978361129760742188e-01
3.333333432674407959e-01
3.333333432674407959e-01
6.537908911705017090e-01
3.333333432674407959e-01
9.838018417358398438e-01
3.333333432674407959e-01
3.333333432674407959e-01
9.862384200096130371e-01
3.333333432674407959e-01
9.881345033645629883e-01
9.905509352684020996e-01
3.333333432674407959e-01
3.333333432674407959e-01
3.333333432674407959e-01
3.333333432674407959e-01
9.941024184226989746e-01
9.919423460960388184e-01
9.908850193023681641e-01
9.880646467208862305e-01
3.333333432674407959e-01
6.558321714401245117e-01
6.603788137435913086e-01
3.333333432674407959e-01
3.333333432674407959e-01
6.641262769699096680e-01
9.928259253501892090e-01
9.903576374053955078e-01
9.901644587516784668e-01
9.889206290245056152e-01
9.880473613739013672e-01
3.333333432674407959e-01
9.861863851547241211e-01
3.333333432674407959e-01
9.866549968719482422e-01
3.333333432674407959e-01
3.333333432674407959e-01
3.333333432674407959e-01
6.557270884513854980e-01
9.840080738067626953e-01
9.741007685661315918e-01
9.788300395011901855e-01
3.333333432674407959e-01
3.333333432674407959e-01
9.666537642478942871e-01
9.603360891342163086e-01
9.547240138053894043e-01
9.560937881469726562e-01
3.333333432674407959e-01
3.333333432674407959e-01
3.333333432674407959e-01
3.333333432674407959e-01
9.899538755416870117e-01
9.889904856681823730e-01
3.333333432674407959e-01
9.856492280960083008e-01
9.836297035217285156e-01
9.838362932205200195e-01
3.333333432674407959e-01
3.333333432674407959e-01
3.333333432674407959e-01
6.626579165458679199e-01
9.947606921195983887e-01
9.921188354492187500e-01
9.876115322113037109e-01
9.859436750411987305e-01
9.860303401947021484e-01
3.333333432674407959e-01
9.865855574607849121e-01
9.850437641143798828e-01
3.333333432674407959e-01
3.333333432674407959e-01
3.333333432674407959e-01
3.333333432674407959e-01
6.539472341537475586e-01
3.333333432674407959e-01
3.333333432674407959e-01
9.788467288017272949e-01
3.333333432674407959e-01
9.656759500503540039e-01
9.731333255767822266e-01
9.735499620437622070e-01
3.333333432674407959e-01
3.333333432674407959e-01
3.333333432674407959e-01
3.333333432674407959e-01
9.879949092864990234e-01
3.333333432674407959e-01
3.333333432674407959e-01
9.859436750411987305e-01
9.853376746177673340e-01
9.844222068786621094e-01
9.822732210159301758e-01
6.561648845672607422e-01
3.333333432674407959e-01
3.333333432674407959e-01
9.795424342155456543e-01
9.702316522598266602e-01
6.395502090454101562e-01
3.333333432674407959e-01
3.333333432674407959e-01
3.333333432674407959e-01
9.942800402641296387e-01
3.333333432674407959e-01
9.907795190811157227e-01
9.895682334899902344e-01
9.892704486846923828e-01
3.333333432674407959e-01
6.564277410507202148e-01
3.333333432674407959e-01
3.333333432674407959e-01
3.333333432674407959e-01
3.333333432674407959e-01
9.903051257133483887e-01
9.851820468902587891e-01
9.830452203750610352e-01
9.725675582885742188e-01
3.333333432674407959e-01
3.333333432674407959e-01
3.333333432674407959e-01
6.342193484306335449e-01
9.676672816276550293e-01
9.652533531188964844e-01
9.611369371414184570e-01
9.583904743194580078e-01
3.333333432674407959e-01
9.618594050407409668e-01
3.333333432674407959e-01
3.333333432674407959e-01
6.546790599822998047e-01
3.333333432674407959e-01
3.333333432674407959e-01
3.333333432674407959e-01
6.602367162704467773e-01
9.816047549247741699e-01
9.773414134979248047e-01
9.759774208068847656e-01
9.741842746734619141e-01
9.796448945999145508e-01
3.333333432674407959e-01
3.333333432674407959e-01
9.954910278320312500e-01
9.934637546539306641e-01
3.333333432674407959e-01
9.891654849052429199e-01
9.885708689689636230e-01
9.873678088188171387e-01
9.886933565139770508e-01
9.873851537704467773e-01
9.870197176933288574e-01
6.583974361419677734e-01
3.333333432674407959e-01
3.333333432674407959e-01
3.333333432674407959e-01
6.528010368347167969e-01
3.333333432674407959e-01
3.333333432674407959e-01
9.845947623252868652e-01
9.804277420043945312e-01
9.823246002197265625e-01
9.845774173736572266e-01
9.892880320549011230e-01
6.616410017013549805e-01
3.333333432674407959e-01
3.333333432674407959e-01
3.333333432674407959e-01
9.903751611709594727e-01
9.882392287254333496e-01
9.872807860374450684e-01
3.333333432674407959e-01
3.333333432674407959e-01
9.844567179679870605e-01
3.333333432674407959e-01
3.333333432674407959e-01
6.640004515647888184e-01
3.333333432674407959e-01
9.902873039245605469e-01
9.859955310821533203e-01
9.854068160057067871e-01
3.333333432674407959e-01
9.859783649444580078e-01
9.858916997909545898e-01
6.523158550262451172e-01
3.333333432674407959e-01
3.333333432674407959e-01
3.333333432674407959e-01
3.333333432674407959e-01
3.333333432674407959e-01
9.841289520263671875e-01
3.333333432674407959e-01
9.776285886764526367e-01
9.767009615898132324e-01
9.768525958061218262e-01
3.333333432674407959e-01
3.333333432674407959e-01
9.792203307151794434e-01
9.801553487777709961e-01
3.333333432674407959e-01
3.333333432674407959e-01
3.333333432674407959e-01
3.333333432674407959e-01
3.333333432674407959e-01
6.564791202545166016e-01
6.519868373870849609e-01
6.481696367263793945e-01
9.719028472900390625e-01
3.333333432674407959e-01
9.618593454360961914e-01
9.691935777664184570e-01
3.333333432674407959e-01
3.333333432674407959e-01
3.333333432674407959e-01
3.333333432674407959e-01
3.333333432674407959e-01
9.947060942649841309e-01
3.333333432674407959e-01
3.333333432674407959e-01
9.798829555511474609e-01
9.832170009613037109e-01
9.851301908493041992e-01
6.477595567703247070e-01
6.515721678733825684e-01
3.333333432674407959e-01
3.333333432674407959e-01
9.854934215545654297e-01
3.333333432674407959e-01
9.748871326446533203e-01
3.333333432674407959e-01
3.333333432674407959e-01
3.333333432674407959e-01
6.576749682426452637e-01
3.333333432674407959e-01
9.814170598983764648e-01
9.856317043304443359e-01
3.333333432674407959e-01
9.710580706596374512e-01
9.689962863922119141e-01
9.670294523239135742e-01
3.333333432674407959e-01
6.499008536338806152e-01
3.333333432674407959e-01
6.532868742942810059e-01
9.835262298583984375e-01
9.815200567245483398e-01
9.816910028457641602e-01
9.781188368797302246e-01
9.743182063102722168e-01
3.333333432674407959e-01
6.498491764068603516e-01
3.333333432674407959e-01
3.333333432674407959e-01
9.921188354492187500e-01
9.908675551414489746e-01
3.333333432674407959e-01
9.889206290245056152e-01
9.871416091918945312e-01
9.827704429626464844e-01
9.838190078735351562e-01
6.522985696792602539e-01
3.333333432674407959e-01
3.333333432674407959e-01
6.508817672729492188e-01
9.768691062927246094e-01
9.719029664993286133e-01
9.718865156173706055e-01
3.333333432674407959e-01
3.333333432674407959e-01
3.333333432674407959e-01
3.333333432674407959e-01
9.981059432029724121e-01
9.962235689163208008e-01
3.333333432674407959e-01
9.898135662078857422e-01
3.333333432674407959e-01
9.870373010635375977e-01
9.886234998703002930e-01
9.883265495300292969e-01
9.860996603965759277e-01
9.887632727622985840e-01
3.333333432674407959e-01
3.333333432674407959e-01
3.333333432674407959e-01
9.854586124420166016e-01
3.333333432674407959e-01
3.333333432674407959e-01
3.333333432674407959e-01
3.333333432674407959e-01
3.333333432674407959e-01
6.558670997619628906e-01
3.333333432674407959e-01
3.333333432674407959e-01
9.808710813522338867e-01
9.812295436859130859e-01
9.756919741630554199e-01
6.447347998619079590e-01
6.429972648620605469e-01
3.333333432674407959e-01
3.333333432674407959e-01
3.333333432674407959e-01
3.333333432674407959e-01
3.333333432674407959e-01
3.333333432674407959e-01
9.917658567428588867e-01
9.882216453552246094e-01
3.333333432674407959e-01
3.333333432674407959e-01
9.841634631156921387e-01
3.333333432674407959e-01
3.333333432674407959e-01
3.333333432674407959e-01
3.333333432674407959e-01
3.333333432674407959e-01
3.333333432674407959e-01
9.925252795219421387e-01
9.917482733726501465e-01
9.909203052520751953e-01
9.900242686271667480e-01
9.889730811119079590e-01
3.333333432674407959e-01
9.861344099044799805e-01
6.558847427368164062e-01
3.333333432674407959e-01
3.333333432674407959e-01
3.333333432674407959e-01
3.333333432674407959e-01
9.869849681854248047e-01
9.871763586997985840e-01
9.811954498291015625e-01
9.799680709838867188e-01
9.770717024803161621e-01
3.333333432674407959e-01
9.784573912620544434e-01
3.333333432674407959e-01
3.333333432674407959e-01
3.333333432674407959e-01
3.333333432674407959e-01
9.776285886764526367e-01
9.791524410247802734e-01
9.804959297180175781e-01
9.795429706573486328e-01
9.817252159118652344e-01
3.333333432674407959e-01
3.333333432674407959e-01
9.935170412063598633e-01
9.882740974426269531e-01
9.903225302696228027e-01
3.333333432674407959e-01
9.900763034820556641e-01
6.580975055694580078e-01
3.333333432674407959e-01
3.333333432674407959e-01
3.333333432674407959e-01
3.333333432674407959e-01
3.333333432674407959e-01
9.915894269943237305e-01
9.870545864105224609e-01
9.884661436080932617e-01
9.839222431182861328e-01
9.811952114105224609e-01
3.333333432674407959e-01
3.333333432674407959e-01
3.333333432674407959e-01
3.333333432674407959e-01
3.333333432674407959e-01
3.333333432674407959e-01
3.333333432674407959e-01
9.949564337730407715e-01
3.333333432674407959e-01
9.889030456542968750e-01
9.891480207443237305e-01
9.898312091827392578e-01
9.895683526992797852e-01
9.889206290245056152e-01
3.333333432674407959e-01
6.555173397064208984e-01
3.333333432674407959e-01
3.333333432674407959e-01
3.333333432674407959e-01
3.333333432674407959e-01
3.333333432674407959e-01
9.938006401062011719e-01
9.914659857749938965e-01
9.890429377555847168e-01
9.886757135391235352e-01
3.333333432674407959e-01
9.874200224876403809e-01
6.538256406784057617e-01
3.333333432674407959e-01
3.333333432674407959e-01
3.333333432674407959e-01
3.333333432674407959e-01
9.960088729858398438e-01
9.931268095970153809e-01
9.900240898132324219e-01
9.881693720817565918e-01
9.868286848068237305e-01
9.820675253868103027e-01
6.529397368431091309e-01
6.565679907798767090e-01
3.333333432674407959e-01
3.333333432674407959e-01
3.333333432674407959e-01
3.333333432674407959e-01
9.673890471458435059e-01
3.333333432674407959e-01
3.333333432674407959e-01
9.608484506607055664e-01
9.578663110733032227e-01
9.568206071853637695e-01
9.616987109184265137e-01
3.333333432674407959e-01
9.715547561645507812e-01
9.891127347946166992e-01
6.609293222427368164e-01
3.333333432674407959e-01
3.333333432674407959e-01
6.565329432487487793e-01
3.333333432674407959e-01
9.761456847190856934e-01
9.765157699584960938e-01
3.333333432674407959e-01
3.333333432674407959e-01
3.333333432674407959e-01
6.589092612266540527e-01
9.872633218765258789e-01
3.333333432674407959e-01
3.333333432674407959e-01
9.799851179122924805e-01
9.792882800102233887e-01
9.787454009056091309e-01
6.511751413345336914e-01
3.333333432674407959e-01
3.333333432674407959e-01
3.333333432674407959e-01
3.333333432674407959e-01
3.333333432674407959e-01
9.962230920791625977e-01
9.917480945587158203e-01
3.333333432674407959e-01
9.888679981231689453e-01
9.876986742019653320e-01
9.880995750427246094e-01
3.333333432674407959e-01
3.333333432674407959e-01
3.333333432674407959e-01
3.333333432674407959e-01
3.333333432674407959e-01
3.333333432674407959e-01
3.333333432674407959e-01
3.333333432674407959e-01
3.333333432674407959e-01
3.333333432674407959e-01
9.823417067527770996e-01
9.799170494079589844e-01
9.789997339248657227e-01
9.825817346572875977e-01
9.866201281547546387e-01
3.333333432674407959e-01
3.333333432674407959e-01
