1.890066824853420258e-02
1.395598705857992172e-02
3.114198707044124603e-02
2.378736063838005066e-02
2.246210351586341858e-02
1.888842694461345673e-02
5.154924839735031128e-02
1.150747574865818024e-02
2.649549581110477448e-02
3.324810042977333069e-02
2.712762542068958282e-02
2.206648513674736023e-02
1.890476606786251068e-02
1.305805332958698273e-02
1.217440329492092133e-02
1.574132405221462250e-02
1.451455242931842804e-02
1.621142402291297913e-02
1.736304536461830139e-02
1.217423286288976669e-02
1.760329119861125946e-02
1.015877909958362579e-02
1.044571958482265472e-02
2.310091443359851837e-02
1.960515044629573822e-02
8.336979895830154419e-03
3.031440824270248413e-02
1.346641313284635544e-02
2.404079586267471313e-02
2.020862139761447906e-02
3.351819515228271484e-02
2.116127498447895050e-02
3.178982809185981750e-02
2.109775319695472717e-02
1.696444489061832428e-02
4.312510415911674500e-02
3.602503240108489990e-02
1.665838994085788727e-02
2.272523008286952972e-02
1.252738665789365768e-02
2.844787202775478363e-02
2.053195983171463013e-02
2.294162847101688385e-02
3.087738528847694397e-02
3.543247282505035400e-02
1.896447129547595978e-02
1.141335722059011459e-02
2.705812640488147736e-02
4.293172061443328857e-02
4.003533348441123962e-02
1.918910257518291473e-02
1.802958548069000244e-02
1.314040552824735641e-02
1.313670352101325989e-02
3.029894456267356873e-02
9.846490807831287384e-03
2.306998893618583679e-02
1.394996698945760727e-02
1.645046658813953400e-02
1.663055829703807831e-02
2.423151768743991852e-02
1.538555882871150970e-02
1.014614850282669067e-02
2.340121380984783173e-02
2.954333834350109100e-02
1.875457912683486938e-02
3.794215992093086243e-02
1.762918010354042053e-02
1.096218265593051910e-02
3.537762537598609924e-02
3.342081606388092041e-02
1.939116232097148895e-02
3.067825175821781158e-02
1.990148425102233887e-02
2.221105620265007019e-02
4.770424589514732361e-02
1.610517315566539764e-02
4.226917028427124023e-02
2.395445108413696289e-02
3.543067723512649536e-02
3.250415250658988953e-02
2.629556693136692047e-02
1.247739419341087341e-02
1.541195716708898544e-02
2.778824232518672943e-02
1.512360014021396637e-02
2.351659722626209259e-02
1.132760848850011826e-02
1.522266864776611328e-02
1.380507182329893112e-02
1.981923356652259827e-02
1.721410825848579407e-02
2.009737305343151093e-02
2.181493863463401794e-02
1.163392141461372375e-02
2.764678932726383209e-02
4.248707368969917297e-02
2.686163224279880524e-02
2.111501991748809814e-02
3.875497356057167053e-02
3.614234179258346558e-02
1.173541974276304245e-02
2.999832853674888611e-02
3.481871262192726135e-02
3.526190295815467834e-02
3.593688458204269409e-02
3.970887884497642517e-02
1.596859656274318695e-02
1.214531157165765762e-02
2.055099606513977051e-02
1.786512136459350586e-02
1.666117273271083832e-02
2.459160238504409790e-02
8.335721679031848907e-03
2.394462935626506805e-02
1.232158392667770386e-02
1.638945378363132477e-02
1.398994680494070053e-02
1.821968518197536469e-02
3.749908134341239929e-02
2.361605875194072723e-02
2.151881158351898193e-02
1.571467705070972443e-02
1.959888823330402374e-02
1.384667959064245224e-02
1.119323726743459702e-02
3.453652188181877136e-02
1.425464637577533722e-02
3.397465869784355164e-02
1.032028160989284515e-02
3.888016939163208008e-02
3.186202794313430786e-02
4.384352266788482666e-02
2.830188721418380737e-02
2.081725187599658966e-02
2.108021639287471771e-02
3.711852431297302246e-02
1.812290214002132416e-02
2.307362668216228485e-02
1.216629426926374435e-02
1.496309228241443634e-02
2.717860043048858643e-02
3.418070822954177856e-02
1.363016851246356964e-02
1.398142520338296890e-02
2.208351902663707733e-02
1.679444313049316406e-02
1.170571986585855484e-02
2.159182913601398468e-02
9.870227426290512085e-03
1.762668788433074951e-02
2.210153453052043915e-02
1.038370002061128616e-02
2.444694563746452332e-02
1.491567865014076233e-02
1.846018433570861816e-02
1.182316057384014130e-02
1.423404179513454437e-02
2.168637327849864960e-02
3.088022954761981964e-02
3.852446377277374268e-02
1.651227846741676331e-02
2.233941107988357544e-02
1.621931046247482300e-02
1.299793366342782974e-02
1.779999956488609314e-02
4.306064546108245850e-02
1.855278387665748596e-02
2.787977084517478943e-02
2.780225127935409546e-02
4.255788028240203857e-02
3.468582779169082642e-02
1.767357252538204193e-02
4.959052056074142456e-02
1.759299635887145996e-02
2.718917094171047211e-02
2.481757663190364838e-02
1.259115245193243027e-02
2.509270794689655304e-02
1.889665983617305756e-02
7.086107973009347916e-03
2.087420225143432617e-02
3.257035091519355774e-02
1.329823024570941925e-02
2.453914470970630646e-02
1.949819736182689667e-02
1.161082368344068527e-02
2.168674021959304810e-02
1.537905260920524597e-02
1.572056114673614502e-02
1.700919680297374725e-02
1.544716581702232361e-02
2.294868975877761841e-02
2.441762201488018036e-02
2.240290120244026184e-02
1.730801723897457123e-02
1.039321813732385635e-02
2.250853180885314941e-02
3.197143599390983582e-02
3.568528220057487488e-02
