1.575034856796264648e-02
1.247350033372640610e-02
3.560936078429222107e-02
2.125546522438526154e-02
2.935859002172946930e-02
7.536010816693305969e-03
2.030822262167930603e-02
1.306605059653520584e-02
1.217299886047840118e-02
7.484003901481628418e-03
1.404721010476350784e-02
3.365390747785568237e-02
1.580084301531314850e-02
8.499048650264739990e-03
2.718667313456535339e-02
1.666883379220962524e-02
2.375814318656921387e-02
1.560333743691444397e-02
8.600564673542976379e-03
1.554501056671142578e-02
1.621644012629985809e-02
3.296877816319465637e-02
1.867959462106227875e-02
1.075387466698884964e-02
1.187018025666475296e-02
1.026400085538625717e-02
1.245174556970596313e-02
2.920795790851116180e-02
1.889623142778873444e-02
8.601794019341468811e-03
3.163816407322883606e-02
8.258278481662273407e-03
1.222523674368858337e-02
1.851134561002254486e-02
1.237922254949808121e-02
1.928929425776004791e-02
3.023115359246730804e-02
2.833458036184310913e-02
2.770661562681198120e-02
1.370424870401620865e-02
3.130252286791801453e-02
1.835000328719615936e-02
1.137558929622173309e-02
2.459556795656681061e-02
1.973915472626686096e-02
1.034768670797348022e-02
2.020954526960849762e-02
1.363878324627876282e-02
1.219171844422817230e-02
1.503316592425107956e-02
2.386456541717052460e-02
1.387791614979505539e-02
8.532255887985229492e-03
1.426504924893379211e-02
8.880428969860076904e-03
1.562615670263767242e-02
9.354673326015472412e-03
1.405873335897922516e-02
7.271483540534973145e-03
2.027678862214088440e-02
1.282311137765645981e-02
1.949783973395824432e-02
2.356345579028129578e-02
1.009713951498270035e-02
1.766934059560298920e-02
1.150295045226812363e-02
1.482810266315937042e-02
2.364443428814411163e-02
1.553071476519107819e-02
6.704226136207580566e-03
1.224985346198081970e-02
1.433581765741109848e-02
1.074886135756969452e-02
1.165868155658245087e-02
1.110707316547632217e-02
9.362906217575073242e-03
3.713867068290710449e-02
1.876099221408367157e-02
1.004941854625940323e-02
2.517888322472572327e-02
2.586821466684341431e-02
1.555491518229246140e-02
1.190066151320934296e-02
3.800195455551147461e-02
2.282362431287765503e-02
5.348229780793190002e-03
2.014794200658798218e-02
1.194003969430923462e-02
9.755766950547695160e-03
2.265656366944313049e-02
8.155197836458683014e-03
9.271152317523956299e-03
7.662032265216112137e-03
2.862164378166198730e-02
1.334034278988838196e-02
1.731280982494354248e-02
1.012231875211000443e-02
1.033887639641761780e-02
1.886483095586299896e-02
1.079772133380174637e-02
8.313341997563838959e-03
1.611147075891494751e-02
1.087227277457714081e-02
1.268585026264190674e-02
2.614491991698741913e-02
2.020668238401412964e-02
1.182033587247133255e-02
9.504679590463638306e-03
1.133322436362504959e-02
3.317720443010330200e-02
2.742819488048553467e-02
1.594706997275352478e-02
1.938279718160629272e-02
2.356521785259246826e-02
1.639210060238838196e-02
2.668907865881919861e-02
7.703112438321113586e-03
9.795669466257095337e-03
1.513129193335771561e-02
1.541923452168703079e-02
1.523779053241014481e-02
1.812052913010120392e-02
1.088208984583616257e-02
1.572838239371776581e-02
2.605549432337284088e-02
2.878800779581069946e-02
2.031111717224121094e-02
1.418348122388124466e-02
8.947646245360374451e-03
2.447040379047393799e-02
6.077348254621028900e-03
1.046118233352899551e-02
1.437972020357847214e-02
1.837259717285633087e-02
1.468145009130239487e-02
1.709502749145030975e-02
1.514027547091245651e-02
1.074128039181232452e-02
9.198341518640518188e-03
4.175615683197975159e-02
1.095197349786758423e-02
8.683621883392333984e-03
1.016469299793243408e-02
9.479596279561519623e-03
2.757238410413265228e-02
1.555401738733053207e-02
2.264332957565784454e-02
1.336075086146593094e-02
8.391944691538810730e-03
1.279615145176649094e-02
1.046761311590671539e-02
1.877323724329471588e-02
1.207690127193927765e-02
1.671985536813735962e-02
3.108218498528003693e-02
2.603945136070251465e-02
1.469611842185258865e-02
1.566075906157493591e-02
1.077112182974815369e-02
1.300386805087327957e-02
2.328193187713623047e-02
1.593652181327342987e-02
9.293016046285629272e-03
1.137596927583217621e-02
2.968541719019412994e-02
1.427673827856779099e-02
1.836163178086280823e-02
1.893976330757141113e-02
8.954099379479885101e-03
1.534543558955192566e-02
2.467413991689682007e-02
1.419690158218145370e-02
1.351953297853469849e-02
1.026041153818368912e-02
2.798685058951377869e-02
3.448028117418289185e-02
1.233280077576637268e-02
2.079681120812892914e-02
1.683047786355018616e-02
1.916628703474998474e-02
2.087457478046417236e-02
2.752741239964962006e-02
1.581491716206073761e-02
7.289951201528310776e-03
1.848267205059528351e-02
9.442324750125408173e-03
2.525961771607398987e-02
1.193107292056083679e-02
1.829609647393226624e-02
2.449298463761806488e-02
1.636742614209651947e-02
1.578365080058574677e-02
1.139025297015905380e-02
1.162221375852823257e-02
2.456020377576351166e-02
1.793801970779895782e-02
1.900780387222766876e-02
1.795315742492675781e-02
3.018354810774326324e-02
4.082042351365089417e-02
