3.333333432674407959e-01
3.333333432674407959e-01
3.333333432674407959e-01
3.333333432674407959e-01
9.827876091003417969e-01
9.861863851547241211e-01
9.854761362075805664e-01
9.810587763786315918e-01
9.829077124595642090e-01
9.883787631988525391e-01
3.333333432674407959e-01
6.572527885437011719e-01
3.333333432674407959e-01
6.532868742942810059e-01
9.835262298583984375e-01
9.814857840538024902e-01
9.816397428512573242e-01
3.333333432674407959e-01
9.743182063102722168e-01
3.333333432674407959e-01
3.333333432674407959e-01
3.333333432674407959e-01
3.333333432674407959e-01
3.333333432674407959e-01
6.504340171813964844e-01
9.837329387664794922e-01
3.333333432674407959e-01
9.845084547996520996e-01
9.863077998161315918e-01
3.333333432674407959e-01
9.881345033645629883e-01
9.904630184173583984e-01
3.333333432674407959e-01
3.333333432674407959e-01
3.333333432674407959e-01
9.933215379714965820e-01
9.910258054733276367e-01
9.859436750411987305e-01
9.873678088188171387e-01
9.850610494613647461e-01
9.819648265838623047e-01
9.795939922332763672e-01
9.713892936706542969e-01
3.333333432674407959e-01
3.333333432674407959e-01
3.333333432674407959e-01
3.333333432674407959e-01
9.942089319229125977e-01
3.333333432674407959e-01
9.907795190811157227e-01
3.333333432674407959e-01
9.892529845237731934e-01
3.333333432674407959e-01
3.333333432674407959e-01
3.333333432674407959e-01
3.333333432674407959e-01
3.333333432674407959e-01
3.333333432674407959e-01
3.333333432674407959e-01
3.333333432674407959e-01
6.558845043182373047e-01
9.870892763137817383e-01
9.848536252975463867e-01
3.333333432674407959e-01
9.851990938186645508e-01
6.528703570365905762e-01
3.333333432674407959e-01
3.333333432674407959e-01
3.333333432674407959e-01
3.333333432674407959e-01
3.333333432674407959e-01
3.333333432674407959e-01
6.495229601860046387e-01
9.833716750144958496e-01
3.333333432674407959e-01
9.798490405082702637e-01
3.333333432674407959e-01
3.333333432674407959e-01
9.866201281547546387e-01
9.924015402793884277e-01
3.333333432674407959e-01
6.561822891235351562e-01
6.605030894279479980e-01
9.804958105087280273e-01
3.333333432674407959e-01
9.792542457580566406e-01
9.804959297180175781e-01
9.796110391616821289e-01
9.817252159118652344e-01
3.333333432674407959e-01
3.333333432674407959e-01
3.333333432674407959e-01
3.333333432674407959e-01
9.679293632507324219e-01
3.333333432674407959e-01
9.658062458038330078e-01
9.704959392547607422e-01
9.723514914512634277e-01
9.779328107833862305e-01
9.819818735122680664e-01
9.948850870132446289e-01
3.333333432674407959e-01
3.333333432674407959e-01
6.602544784545898438e-01
9.817588329315185547e-01
9.773414134979248047e-01
3.333333432674407959e-01
9.740840792655944824e-01
9.793051481246948242e-01
3.333333432674407959e-01
6.588209867477416992e-01
3.333333432674407959e-01
9.843013286590576172e-01
9.805981516838073730e-01
3.333333432674407959e-01
9.769873619079589844e-01
9.770379066467285156e-01
3.333333432674407959e-01
9.764820337295532227e-01
9.791014194488525391e-01
3.333333432674407959e-01
6.529744863510131836e-01
3.333333432674407959e-01
3.333333432674407959e-01
3.333333432674407959e-01
3.333333432674407959e-01
9.905159473419189453e-01
3.333333432674407959e-01
9.830452203750610352e-01
3.333333432674407959e-01
6.534606218338012695e-01
3.333333432674407959e-01
3.292354047298431396e-01
9.941024184226989746e-01
9.919070601463317871e-01
3.333333432674407959e-01
3.333333432674407959e-01
9.863944053649902344e-01
6.557096838951110840e-01
6.605030894279479980e-01
3.333333432674407959e-01
3.333333432674407959e-01
3.333333432674407959e-01
3.333333432674407959e-01
3.333333432674407959e-01
9.921542406082153320e-01
9.876289367675781250e-01
9.860303401947021484e-01
9.860303401947021484e-01
9.849400520324707031e-01
9.865855574607849121e-01
9.850956201553344727e-01
3.333333432674407959e-01
3.333333432674407959e-01
3.333333432674407959e-01
3.333333432674407959e-01
9.879949092864990234e-01
3.333333432674407959e-01
3.333333432674407959e-01
9.863252043724060059e-01
9.855107069015502930e-01
9.844394922256469727e-01
9.823931455612182617e-01
3.333333432674407959e-01
3.333333432674407959e-01
3.333333432674407959e-01
6.530612707138061523e-01
9.844567179679870605e-01
3.333333432674407959e-01
9.848019480705261230e-01
3.333333432674407959e-01
9.823246002197265625e-01
3.333333432674407959e-01
9.890605211257934570e-01
6.616410017013549805e-01
3.333333432674407959e-01
3.333333432674407959e-01
3.333333432674407959e-01
9.916424155235290527e-01
9.897960424423217773e-01
9.869155883789062500e-01
3.333333432674407959e-01
9.875419139862060547e-01
3.333333432674407959e-01
3.333333432674407959e-01
3.333333432674407959e-01
3.333333432674407959e-01
3.333333432674407959e-01
3.333333432674407959e-01
9.928790330886840820e-01
9.903928041458129883e-01
9.901644587516784668e-01
9.889206290245056152e-01
3.333333432674407959e-01
9.879078269004821777e-01
3.333333432674407959e-01
9.841635227203369141e-01
9.866549968719482422e-01
3.333333432674407959e-01
3.333333432674407959e-01
3.333333432674407959e-01
3.333333432674407959e-01
9.903751611709594727e-01
9.882392287254333496e-01
3.333333432674407959e-01
9.873155951499938965e-01
3.333333432674407959e-01
9.835953116416931152e-01
6.512786746025085449e-01
3.333333432674407959e-01
3.333333432674407959e-01
3.333333432674407959e-01
9.953307509422302246e-01
9.917659163475036621e-01
9.889554977416992188e-01
9.890079498291015625e-01
9.898312091827392578e-01
9.895683526992797852e-01
3.333333432674407959e-01
3.333333432674407959e-01
6.554648876190185547e-01
3.333333432674407959e-01
3.333333432674407959e-01
3.333333432674407959e-01
3.333333432674407959e-01
3.333333432674407959e-01
6.502963900566101074e-01
3.333333432674407959e-01
9.839223623275756836e-01
3.333333432674407959e-01
9.859783649444580078e-01
9.848363399505615234e-01
9.886581897735595703e-01
9.916247725486755371e-01
3.333333432674407959e-01
3.333333432674407959e-01
3.333333432674407959e-01
3.333333432674407959e-01
3.333333432674407959e-01
9.795770049095153809e-01
3.333333432674407959e-01
9.651558399200439453e-01
9.623903632164001465e-01
3.333333432674407959e-01
9.721521735191345215e-01
9.685854315757751465e-01
3.333333432674407959e-01
9.946357011795043945e-01
3.333333432674407959e-01
3.333333432674407959e-01
3.333333432674407959e-01
3.333333432674407959e-01
3.333333432674407959e-01
9.889204502105712891e-01
9.869676828384399414e-01
3.333333432674407959e-01
3.333333432674407959e-01
9.859957098960876465e-01
9.874200820922851562e-01
3.333333432674407959e-01
6.627112627029418945e-01
9.900416135787963867e-01
3.333333432674407959e-01
3.333333432674407959e-01
9.827876091003417969e-01
3.333333432674407959e-01
9.780173301696777344e-01
3.333333432674407959e-01
6.483749151229858398e-01
3.333333432674407959e-01
3.333333432674407959e-01
9.962230920791625977e-01
9.917128086090087891e-01
9.902522563934326172e-01
3.333333432674407959e-01
9.878031611442565918e-01
3.333333432674407959e-01
9.872807264328002930e-01
9.885534644126892090e-01
3.333333432674407959e-01
3.333333432674407959e-01
3.333333432674407959e-01
3.333333432674407959e-01
9.947069883346557617e-01
9.944759607315063477e-01
9.917129874229431152e-01
9.895156621932983398e-01
9.894630908966064453e-01
9.834232330322265625e-01
9.838535189628601074e-01
9.858050346374511719e-01
6.550979614257812500e-01
3.333333432674407959e-01
3.333333432674407959e-01
3.333333432674407959e-01
3.333333432674407959e-01
3.333333432674407959e-01
9.885360002517700195e-01
3.333333432674407959e-01
9.876289367675781250e-01
6.535474658012390137e-01
3.333333432674407959e-01
3.333333432674407959e-01
3.333333432674407959e-01
3.333333432674407959e-01
3.333333432674407959e-01
9.931268095970153809e-01
9.900240898132324219e-01
9.886059165000915527e-01
9.868286848068237305e-01
9.817252159118652344e-01
6.529743671417236328e-01
3.333333432674407959e-01
3.333333432674407959e-01
3.333333432674407959e-01
3.333333432674407959e-01
6.512266993522644043e-01
9.851990938186645508e-01
3.333333432674407959e-01
3.333333432674407959e-01
9.672580957412719727e-01
9.713394641876220703e-01
9.714554548263549805e-01
3.333333432674407959e-01
3.333333432674407959e-01
3.333333432674407959e-01
9.946177005767822266e-01
9.928259253501892090e-01
3.333333432674407959e-01
9.907619953155517578e-01
9.898313283920288086e-01
3.333333432674407959e-01
3.333333432674407959e-01
3.333333432674407959e-01
6.580271720886230469e-01
3.333333432674407959e-01
3.333333432674407959e-01
3.333333432674407959e-01
6.616231799125671387e-01
6.585385203361511230e-01
9.845427870750427246e-01
9.860648512840270996e-01
9.850955009460449219e-01
9.799849987030029297e-01
9.812979102134704590e-01
9.673072695732116699e-01
3.333333432674407959e-01
9.830623865127563477e-01
3.333333432674407959e-01
3.333333432674407959e-01
9.961690902709960938e-01
9.925252795219421387e-01
9.916071295738220215e-01
9.909203052520751953e-01
3.333333432674407959e-01
3.333333432674407959e-01
3.333333432674407959e-01
9.861344099044799805e-01
6.559897661209106445e-01
3.333333432674407959e-01
3.333333432674407959e-01
3.333333432674407959e-01
6.625326871871948242e-01
3.333333432674407959e-01
3.333333432674407959e-01
9.889204502105712891e-01
3.333333432674407959e-01
3.333333432674407959e-01
3.333333432674407959e-01
3.333333432674407959e-01
6.538257002830505371e-01
3.333333432674407959e-01
3.333333432674407959e-01
3.333333432674407959e-01
9.962586760520935059e-01
9.914661645889282227e-01
9.877857565879821777e-01
9.883440732955932617e-01
3.333333432674407959e-01
9.817766547203063965e-01
3.333333432674407959e-01
3.333333432674407959e-01
3.333333432674407959e-01
3.333333432674407959e-01
3.333333432674407959e-01
3.333333432674407959e-01
6.557796001434326172e-01
9.880821108818054199e-01
9.884311556816101074e-01
9.808198809623718262e-01
9.811441898345947266e-01
9.756752252578735352e-01
6.449378728866577148e-01
6.428627371788024902e-01
3.333333432674407959e-01
3.333333432674407959e-01
3.333333432674407959e-01
3.333333432674407959e-01
3.333333432674407959e-01
3.333333432674407959e-01
9.902875423431396484e-01
9.902875423431396484e-01
9.879252314567565918e-01
9.898836612701416016e-01
9.932863116264343262e-01
6.583268046379089355e-01
6.620688438415527344e-01
3.333333432674407959e-01
3.333333432674407959e-01
9.853546619415283203e-01
9.840945601463317871e-01
3.333333432674407959e-01
3.333333432674407959e-01
3.333333432674407959e-01
9.768525958061218262e-01
9.767515063285827637e-01
9.764989614486694336e-01
3.333333432674407959e-01
3.333333432674407959e-01
6.471626162528991699e-01
3.333333432674407959e-01
3.333333432674407959e-01
3.333333432674407959e-01
3.333333432674407959e-01
6.592273116111755371e-01
3.333333432674407959e-01
3.333333432674407959e-01
3.333333432674407959e-01
3.333333432674407959e-01
9.771560430526733398e-01
3.333333432674407959e-01
9.741844534873962402e-01
3.333333432674407959e-01
9.726840257644653320e-01
6.525583267211914062e-01
3.333333432674407959e-01
3.333333432674407959e-01
3.333333432674407959e-01
3.333333432674407959e-01
3.333333432674407959e-01
3.333333432674407959e-01
9.885360002517700195e-01
3.333333432674407959e-01
3.333333432674407959e-01
9.871242046356201172e-01
3.333333432674407959e-01
3.333333432674407959e-01
3.333333432674407959e-01
3.333333432674407959e-01
3.333333432674407959e-01
3.333333432674407959e-01
3.333333432674407959e-01
6.505028605461120605e-01
9.842497110366821289e-01
9.846291542053222656e-01
9.863076210021972656e-01
9.871067404747009277e-01
9.895156621932983398e-01
3.333333432674407959e-01
3.333333432674407959e-01
3.333333432674407959e-01
3.333333432674407959e-01
3.333333432674407959e-01
6.504513025283813477e-01
3.333333432674407959e-01
9.805129766464233398e-01
9.788131713867187500e-01
9.751049280166625977e-01
9.745690822601318359e-01
3.333333432674407959e-01
9.734333753585815430e-01
9.785759449005126953e-01
3.333333432674407959e-01
3.333333432674407959e-01
3.333333432674407959e-01
9.926135540008544922e-01
9.880124330520629883e-01
9.819819331169128418e-01
9.781357049942016602e-01
3.333333432674407959e-01
9.775611162185668945e-01
9.763979315757751465e-01
9.794580936431884766e-01
3.333333432674407959e-01
3.333333432674407959e-01
3.333333432674407959e-01
3.333333432674407959e-01
6.526450514793395996e-01
9.849573969841003418e-01
3.333333432674407959e-01
9.858050346374511719e-01
3.333333432674407959e-01
9.799851179122924805e-01
3.333333432674407959e-01
9.884487390518188477e-01
9.887806177139282227e-01
3.333333432674407959e-01
6.636062860488891602e-01
3.333333432674407959e-01
3.333333432674407959e-01
3.333333432674407959e-01
6.447854042053222656e-01
9.788297414779663086e-01
3.333333432674407959e-01
9.752556085586547852e-01
9.654644727706909180e-01
9.731166362762451172e-01
9.735499620437622070e-01
3.333333432674407959e-01
3.333333432674407959e-01
3.333333432674407959e-01
3.333333432674407959e-01
9.918010234832763672e-01
9.870545864105224609e-01
3.333333432674407959e-01
3.333333432674407959e-01
9.813319444656372070e-01
3.333333432674407959e-01
3.333333432674407959e-01
3.333333432674407959e-01
3.333333432674407959e-01
3.333333432674407959e-01
3.333333432674407959e-01
3.333333432674407959e-01
3.333333432674407959e-01
9.805299639701843262e-01
9.816738963127136230e-01
9.811099767684936523e-01
3.333333432674407959e-01
9.842841029167175293e-01
3.333333432674407959e-01
9.891127347946166992e-01
9.915716052055358887e-01
3.333333432674407959e-01
3.333333432674407959e-01
3.333333432674407959e-01
3.333333432674407959e-01
9.922601580619812012e-01
3.333333432674407959e-01
9.854241609573364258e-01
9.817252159118652344e-01
9.848191142082214355e-01
9.865508079528808594e-01
3.333333432674407959e-01
3.333333432674407959e-01
3.333333432674407959e-01
3.333333432674407959e-01
3.333333432674407959e-01
6.605917215347290039e-01
9.916777014732360840e-01
9.882740378379821777e-01
9.872111678123474121e-01
3.333333432674407959e-01
9.842497110366821289e-01
6.533736586570739746e-01
3.333333432674407959e-01
3.333333432674407959e-01
3.333333432674407959e-01
3.333333432674407959e-01
3.333333432674407959e-01
3.333333432674407959e-01
3.333333432674407959e-01
9.841808080673217773e-01
3.333333432674407959e-01
3.333333432674407959e-01
9.822388887405395508e-01
9.897434115409851074e-01
3.333333432674407959e-01
6.634985208511352539e-01
3.333333432674407959e-01
3.333333432674407959e-01
3.333333432674407959e-01
9.805811643600463867e-01
9.748871326446533203e-01
9.772404432296752930e-01
3.333333432674407959e-01
3.333333432674407959e-01
3.333333432674407959e-01
3.333333432674407959e-01
9.872633218765258789e-01
9.866375327110290527e-01
9.847846031188964844e-01
3.333333432674407959e-01
9.792882800102233887e-01
9.787454009056091309e-01
6.514858603477478027e-01
3.333333432674407959e-01
3.333333432674407959e-01
3.333333432674407959e-01
3.333333432674407959e-01
3.333333432674407959e-01
3.333333432674407959e-01
9.917657375335693359e-01
3.333333432674407959e-01
3.333333432674407959e-01
9.798828959465026855e-01
9.846981763839721680e-01
6.539821624755859375e-01
3.333333432674407959e-01
3.333333432674407959e-01
3.333333432674407959e-01
3.333333432674407959e-01
9.896206259727478027e-01
9.876636862754821777e-01
9.840428233146667480e-01
9.811441302299499512e-01
3.333333432674407959e-01
9.784404635429382324e-01
3.333333432674407959e-01
3.333333432674407959e-01
3.333333432674407959e-01
3.333333432674407959e-01
3.333333432674407959e-01
9.947962760925292969e-01
9.918011426925659180e-01
9.908675551414489746e-01
9.893755912780761719e-01
9.886933565139770508e-01
3.333333432674407959e-01
9.827704429626464844e-01
9.833373427391052246e-01
3.333333432674407959e-01
3.333333432674407959e-01
3.333333432674407959e-01
6.564791202545166016e-01
6.519868373870849609e-01
6.481696367263793945e-01
9.722017049789428711e-01
3.333333432674407959e-01
9.616022109985351562e-01
9.685033559799194336e-01
9.660993814468383789e-01
6.442784070968627930e-01
3.333333432674407959e-01
3.333333432674407959e-01
3.333333432674407959e-01
3.333333432674407959e-01
3.333333432674407959e-01
9.745187163352966309e-01
9.793050289154052734e-01
9.767009019851684570e-01
9.722683429718017578e-01
9.666537642478942871e-01
3.333333432674407959e-01
9.546297788619995117e-01
9.560937881469726562e-01
3.333333432674407959e-01
3.333333432674407959e-01
3.333333432674407959e-01
6.611781120300292969e-01
3.333333432674407959e-01
9.806661605834960938e-01
9.794919490814208984e-01
3.333333432674407959e-01
9.709919691085815430e-01
6.418218612670898438e-01
3.333333432674407959e-01
3.333333432674407959e-01
3.333333432674407959e-01
3.333333432674407959e-01
9.934992790222167969e-01
9.880298376083374023e-01
9.903225302696228027e-01
9.885184764862060547e-01
9.901992678642272949e-01
6.580975055694580078e-01
6.584324240684509277e-01
3.333333432674407959e-01
3.333333432674407959e-01
3.333333432674407959e-01
3.333333432674407959e-01
3.333333432674407959e-01
9.796448945999145508e-01
3.333333432674407959e-01
3.333333432674407959e-01
3.333333432674407959e-01
3.333333432674407959e-01
3.333333432674407959e-01
6.532000899314880371e-01
3.333333432674407959e-01
9.827703833580017090e-01
9.860476255416870117e-01
3.333333432674407959e-01
9.894630312919616699e-01
9.932331442832946777e-01
3.333333432674407959e-01
3.333333432674407959e-01
3.333333432674407959e-01
9.890779256820678711e-01
3.333333432674407959e-01
3.333333432674407959e-01
9.801893234252929688e-01
9.817423820495605469e-01
9.758767485618591309e-01
3.333333432674407959e-01
3.333333432674407959e-01
3.333333432674407959e-01
3.333333432674407959e-01
3.333333432674407959e-01
3.333333432674407959e-01
6.599353551864624023e-01
6.570068597793579102e-01
9.858741164207458496e-01
9.855105876922607422e-01
3.333333432674407959e-01
3.333333432674407959e-01
3.333333432674407959e-01
3.333333432674407959e-01
3.333333432674407959e-01
3.333333432674407959e-01
3.333333432674407959e-01
3.333333432674407959e-01
3.333333432674407959e-01
9.930559992790222168e-01
9.929145574569702148e-01
9.895856380462646484e-01
9.865333437919616699e-01
9.834920763969421387e-01
9.825817942619323730e-01
3.333333432674407959e-01
3.333333432674407959e-01
3.333333432674407959e-01
3.333333432674407959e-01
3.333333432674407959e-01
6.628366708755493164e-01
9.908673763275146484e-01
9.831480979919433594e-01
9.800021052360534668e-01
9.823417067527770996e-01
3.333333432674407959e-01
9.788471460342407227e-01
3.333333432674407959e-01
3.333333432674407959e-01
3.333333432674407959e-01
3.333333432674407959e-01
3.333333432674407959e-01
3.333333432674407959e-01
3.333333432674407959e-01
3.333333432674407959e-01
3.333333432674407959e-01
3.333333432674407959e-01
9.673563838005065918e-01
3.333333432674407959e-01
9.648960828781127930e-01
9.602241516113281250e-01
9.578504562377929688e-01
9.568206071853637695e-01
3.333333432674407959e-01
9.648472070693969727e-01
9.719362258911132812e-01
9.888678789138793945e-01
6.609293222427368164e-01
3.333333432674407959e-01
3.333333432674407959e-01
3.333333432674407959e-01
3.333333432674407959e-01
9.885532855987548828e-01
3.333333432674407959e-01
9.811952114105224609e-01
9.786605834960937500e-01
6.472989320755004883e-01
3.333333432674407959e-01
3.333333432674407959e-01
3.333333432674407959e-01
9.981238842010498047e-01
9.962235689163208008e-01
9.918364882469177246e-01
9.902347326278686523e-01
3.333333432674407959e-01
9.873155951499938965e-01
9.883964061737060547e-01
9.883265495300292969e-01
3.333333432674407959e-01
9.887632727622985840e-01
3.333333432674407959e-01
3.333333432674407959e-01
3.333333432674407959e-01
3.333333432674407959e-01
9.846980571746826172e-01
9.832684993743896484e-01
9.821189641952514648e-01
9.772740602493286133e-01
3.333333432674407959e-01
9.765831232070922852e-01
9.739673137664794922e-01
9.727172851562500000e-01
9.736001491546630859e-01
9.789997339248657227e-01
3.333333432674407959e-01
3.333333432674407959e-01
3.333333432674407959e-01
9.922422766685485840e-01
9.919599890708923340e-01
9.871937036514282227e-01
9.878903627395629883e-01
9.867069721221923828e-01
3.333333432674407959e-01
3.333333432674407959e-01
3.333333432674407959e-01
3.333333432674407959e-01
3.333333432674407959e-01
3.333333432674407959e-01
9.943515062332153320e-01
3.333333432674407959e-01
9.853549003601074219e-01
3.333333432674407959e-01
9.870895147323608398e-01
3.333333432674407959e-01
9.854761362075805664e-01
6.513822078704833984e-01
6.497805118560791016e-01
3.333333432674407959e-01
6.548535227775573730e-01
9.920303821563720703e-01
9.880821704864501953e-01
3.333333432674407959e-01
9.779496192932128906e-01
9.739171862602233887e-01
9.769874811172485352e-01
3.333333432674407959e-01
9.798830747604370117e-01
6.463626623153686523e-01
3.333333432674407959e-01
3.333333432674407959e-01
3.333333432674407959e-01
9.949026107788085938e-01
9.919247031211853027e-01
9.890604019165039062e-01
9.891654253005981445e-01
3.333333432674407959e-01
9.894630908966064453e-01
9.888855814933776855e-01
6.561123728752136230e-01
3.333333432674407959e-01
3.333333432674407959e-01
3.333333432674407959e-01
3.333333432674407959e-01
3.333333432674407959e-01
6.614096164703369141e-01
9.906389117240905762e-01
9.830965995788574219e-01
3.333333432674407959e-01
3.333333432674407959e-01
9.784912467002868652e-01
3.333333432674407959e-01
9.777131080627441406e-01
9.828047752380371094e-01
6.576750278472900391e-01
3.333333432674407959e-01
3.333333432674407959e-01
3.333333432674407959e-01
3.333333432674407959e-01
3.333333432674407959e-01
3.333333432674407959e-01
9.903049468994140625e-01
9.885708689689636230e-01
3.333333432674407959e-01
9.812124967575073242e-01
9.775611162185668945e-01
9.806323051452636719e-01
9.815030097961425781e-01
3.333333432674407959e-01
9.798660278320312500e-01
3.333333432674407959e-01
3.333333432674407959e-01
6.613205671310424805e-01
9.933750033378601074e-01
3.333333432674407959e-01
3.333333432674407959e-01
3.333333432674407959e-01
9.884487986564636230e-01
9.871242046356201172e-01
9.842325448989868164e-01
9.859609603881835938e-01
6.525930166244506836e-01
3.333333432674407959e-01
3.333333432674407959e-01
3.333333432674407959e-01
6.598823070526123047e-01
6.540343761444091797e-01
9.853374958038330078e-01
9.836984872817993164e-01
3.333333432674407959e-01
9.779328703880310059e-01
3.333333432674407959e-01
3.333333432674407959e-01
3.333333432674407959e-01
3.333333432674407959e-01
3.333333432674407959e-01
3.333333432674407959e-01
3.333333432674407959e-01
6.530784964561462402e-01
9.814170598983764648e-01
3.333333432674407959e-01
9.788300991058349609e-01
9.709918498992919922e-01
3.333333432674407959e-01
3.333333432674407959e-01
9.753899574279785156e-01
6.502447128295898438e-01
3.333333432674407959e-01
9.921182394027709961e-01
9.854759573936462402e-01
9.796618819236755371e-01
3.333333432674407959e-01
3.333333432674407959e-01
3.333333432674407959e-01
3.333333432674407959e-01
3.333333432674407959e-01
9.840773940086364746e-01
9.801212549209594727e-01
9.813662767410278320e-01
3.333333432674407959e-01
3.333333432674407959e-01
3.333333432674407959e-01
9.841290712356567383e-01
9.889029860496520996e-01
3.333333432674407959e-01
6.584150195121765137e-01
3.333333432674407959e-01
3.333333432674407959e-01
3.333333432674407959e-01
9.881170988082885742e-01
9.822387695312500000e-01
9.784065485000610352e-01
9.719197750091552734e-01
9.673890471458435059e-01
3.333333432674407959e-01
9.546768665313720703e-01
9.512400031089782715e-01
9.627124667167663574e-01
3.333333432674407959e-01
3.333333432674407959e-01
6.609470844268798828e-01
9.869328737258911133e-01
3.333333432674407959e-01
9.812979102134704590e-01
9.798320531845092773e-01
9.770717024803161621e-01
9.752725362777709961e-01
3.333333432674407959e-01
3.333333432674407959e-01
3.333333432674407959e-01
6.559544801712036133e-01
9.795424342155456543e-01
9.699511528015136719e-01
6.390180587768554688e-01
3.333333432674407959e-01
3.333333432674407959e-01
9.904277324676513672e-01
9.882564544677734375e-01
9.811611175537109375e-01
3.333333432674407959e-01
9.798150062561035156e-01
9.782034754753112793e-01
3.333333432674407959e-01
3.333333432674407959e-01
6.639825701713562012e-01
6.603433489799499512e-01
9.903751611709594727e-01
3.333333432674407959e-01
9.854068160057067871e-01
9.870198965072631836e-01
3.333333432674407959e-01
9.858916997909545898e-01
3.333333432674407959e-01
3.333333432674407959e-01
3.333333432674407959e-01
3.333333432674407959e-01
3.333333432674407959e-01
6.597225666046142578e-01
3.333333432674407959e-01
9.835607409477233887e-01
9.832169413566589355e-01
9.805299639701843262e-01
9.793900847434997559e-01
3.333333432674407959e-01
3.333333432674407959e-01
3.333333432674407959e-01
3.333333432674407959e-01
3.333333432674407959e-01
3.333333432674407959e-01
3.333333432674407959e-01
9.761120676994323730e-01
3.333333432674407959e-01
6.516067385673522949e-01
3.333333432674407959e-01
3.333333432674407959e-01
9.759604334831237793e-01
9.719029664993286133e-01
9.718865156173706055e-01
3.333333432674407959e-01
6.475547552108764648e-01
3.333333432674407959e-01
3.333333432674407959e-01
3.333333432674407959e-01
9.946891665458679199e-01
9.923307895660400391e-01
3.333333432674407959e-01
9.905685782432556152e-01
9.892529845237731934e-01
3.333333432674407959e-01
3.333333432674407959e-01
3.333333432674407959e-01
3.333333432674407959e-01
3.333333432674407959e-01
9.971362948417663574e-01
9.892003536224365234e-01
9.879076480865478516e-01
9.855279922485351562e-01
9.849573969841003418e-01
9.806152582168579102e-01
3.333333432674407959e-01
9.807857871055603027e-01
9.820847511291503906e-01
3.333333432674407959e-01
3.333333432674407959e-01
3.333333432674407959e-01
3.333333432674407959e-01
9.877682924270629883e-01
9.835952520370483398e-01
9.775103926658630371e-01
3.333333432674407959e-01
9.729169607162475586e-01
9.736835360527038574e-01
9.752389788627624512e-01
9.827704429626464844e-01
3.333333432674407959e-01
3.333333432674407959e-01
3.333333432674407959e-01
3.333333432674407959e-01
3.333333432674407959e-01
9.866201281547546387e-01
9.787791967391967773e-01
6.484774351119995117e-01
3.333333432674407959e-01
3.333333432674407959e-01
3.333333432674407959e-01
3.333333432674407959e-01
3.333333432674407959e-01
3.333333432674407959e-01
6.342193484306335449e-01
9.675690531730651855e-01
9.655622243881225586e-01
9.611369371414184570e-01
9.583904743194580078e-01
9.597287178039550781e-01
3.333333432674407959e-01
3.333333432674407959e-01
9.715547561645507812e-01
3.333333432674407959e-01
3.333333432674407959e-01
3.333333432674407959e-01
3.333333432674407959e-01
9.953123331069946289e-01
9.948319196701049805e-01
9.921011924743652344e-01
9.898311495780944824e-01
9.905686378479003906e-01
9.893230795860290527e-01
9.881694316864013672e-01
6.600950956344604492e-01
3.333333432674407959e-01
3.333333432674407959e-01
3.333333432674407959e-01
9.897959232330322266e-01
9.886757135391235352e-01
9.865159988403320312e-01
9.835092425346374512e-01
9.800021052360534668e-01
3.333333432674407959e-01
9.809223413467407227e-01
6.488541960716247559e-01
3.333333432674407959e-01
3.333333432674407959e-01
3.333333432674407959e-01
3.333333432674407959e-01
9.890252351760864258e-01
9.818618297576904297e-01
9.798659682273864746e-01
9.829421043395996094e-01
3.333333432674407959e-01
3.333333432674407959e-01
6.515893936157226562e-01
3.333333432674407959e-01
3.333333432674407959e-01
3.333333432674407959e-01
6.608581542968750000e-01
3.333333432674407959e-01
3.333333432674407959e-01
9.860476255416870117e-01
3.333333432674407959e-01
3.333333432674407959e-01
9.808369874954223633e-01
9.679457545280456543e-01
9.709257483482360840e-01
3.333333432674407959e-01
9.858397245407104492e-01
6.641082167625427246e-01
3.333333432674407959e-01
9.912723302841186523e-01
3.333333432674407959e-01
9.892530441284179688e-01
9.882916808128356934e-01
9.879776239395141602e-01
9.858916997909545898e-01
3.333333432674407959e-01
3.333333432674407959e-01
3.333333432674407959e-01
3.333333432674407959e-01
3.333333432674407959e-01
3.333333432674407959e-01
3.333333432674407959e-01
9.889904856681823730e-01
9.896383285522460938e-01
9.858050346374511719e-01
9.835264682769775391e-01
9.838362932205200195e-01
6.566032171249389648e-01
3.333333432674407959e-01
3.333333432674407959e-01
3.333333432674407959e-01
3.333333432674407959e-01
3.333333432674407959e-01
9.822388887405395508e-01
9.812637567520141602e-01
9.799510836601257324e-01
9.791864156723022461e-01
3.333333432674407959e-01
3.333333432674407959e-01
9.923485517501831055e-01
9.978361129760742188e-01
3.333333432674407959e-01
9.946169257164001465e-01
3.333333432674407959e-01
9.915894269943237305e-01
3.333333432674407959e-01
9.897785186767578125e-01
3.333333432674407959e-01
9.847155809402465820e-01
6.548186540603637695e-01
3.333333432674407959e-01
