3.911224007606506348e-02
3.367567807435989380e-02
3.819669410586357117e-02
2.798313274979591370e-02
1.693846471607685089e-02
2.340031601488590240e-02
5.648984760046005249e-02
1.790801249444484711e-02
3.712629526853561401e-02
3.631068021059036255e-02
4.635253548622131348e-02
2.372199483215808868e-02
2.107359655201435089e-02
1.688233204185962677e-02
2.545168064534664154e-02
3.720459714531898499e-02
3.239848464727401733e-02
3.503193706274032593e-02
2.047267369925975800e-02
3.359897807240486145e-02
1.499102264642715454e-02
2.173098176717758179e-02
2.365019544959068298e-02
2.510528452694416046e-02
2.173998393118381500e-02
4.618311300873756409e-02
6.266333162784576416e-02
5.202268809080123901e-02
2.951680310070514679e-02
3.395713120698928833e-02
2.282496355473995209e-02
4.510980471968650818e-02
2.083292789757251740e-02
2.047421969473361969e-02
3.337182477116584778e-02
7.388985902070999146e-02
4.280475154519081116e-02
2.720913663506507874e-02
2.079994231462478638e-02
4.252129048109054565e-02
5.736071616411209106e-02
2.967124059796333313e-02
2.955196984112262726e-02
1.051812060177326202e-02
1.495519280433654785e-02
1.297041866928339005e-02
2.365510165691375732e-02
2.256006188690662384e-02
1.280089188367128372e-02
3.265037387609481812e-02
3.974044695496559143e-02
5.993405357003211975e-02
7.921423017978668213e-02
3.962010517716407776e-02
4.911569878458976746e-02
1.125010754913091660e-02
3.789952397346496582e-02
2.833978272974491119e-02
2.420079335570335388e-02
2.990172058343887329e-02
3.800904378294944763e-02
2.690027095377445221e-02
2.914715744554996490e-02
3.174858167767524719e-02
2.897547371685504913e-02
2.740051411092281342e-02
1.575096137821674347e-02
1.859919913113117218e-02
3.610397875308990479e-02
3.263837099075317383e-02
3.042236343026161194e-02
2.373036183416843414e-02
1.992524042725563049e-02
4.910138994455337524e-02
4.081821069121360779e-02
6.939625740051269531e-02
2.286767214536666870e-02
1.714713685214519501e-02
3.481058403849601746e-02
2.934734523296356201e-02
2.661454863846302032e-02
2.279331535100936890e-02
5.317210406064987183e-02
1.896571554243564606e-02
3.955843299627304077e-02
2.729114331305027008e-02
3.911986202001571655e-02
3.068083524703979492e-02
3.851149976253509521e-02
1.859713904559612274e-02
6.111865490674972534e-02
3.476560115814208984e-02
2.380379103124141693e-02
2.663074992597103119e-02
2.291672863066196442e-02
4.856460168957710266e-02
4.669011011719703674e-02
3.849514946341514587e-02
2.441465854644775391e-02
1.855292171239852905e-02
1.876796409487724304e-02
3.446576371788978577e-02
2.908044308423995972e-02
3.526110202074050903e-02
2.926973998546600342e-02
2.699157223105430603e-02
3.658960387110710144e-02
2.560767345130443573e-02
3.920458257198333740e-02
4.690733179450035095e-02
2.505161799490451813e-02
2.348881959915161133e-02
1.354660373181104660e-02
2.141156978905200958e-02
5.322757363319396973e-02
3.609265387058258057e-02
2.044491283595561981e-02
4.744130373001098633e-02
2.406559512019157410e-02
2.638595923781394958e-02
3.488408774137496948e-02
2.986070699989795685e-02
1.665524393320083618e-02
1.901978999376296997e-02
3.478704392910003662e-02
6.859809160232543945e-02
4.608603939414024353e-02
1.562968268990516663e-02
4.338922351598739624e-02
2.146416157484054565e-02
4.061942920088768005e-02
2.646677009761333466e-02
2.473664470016956329e-02
1.801079139113426208e-02
3.014960326254367828e-02
3.284494206309318542e-02
2.727357484400272369e-02
2.767504192888736725e-02
1.943915709853172302e-02
1.961563341319561005e-02
2.755145914852619171e-02
2.214475721120834351e-02
2.083267271518707275e-02
5.658324062824249268e-02
1.432911772280931473e-02
3.031856194138526917e-02
1.685576327145099640e-02
6.341000646352767944e-02
1.758655533194541931e-02
2.023419365286827087e-02
2.485090680420398712e-02
2.527661435306072235e-02
2.916103787720203400e-02
1.704465597867965698e-02
2.775492519140243530e-02
5.598361045122146606e-02
4.592770338058471680e-02
1.993421278893947601e-02
4.347549378871917725e-02
1.927039213478565216e-02
4.146918281912803650e-02
3.931725025177001953e-02
2.490373514592647552e-02
3.066024184226989746e-02
1.846400834619998932e-02
4.559122771024703979e-02
2.847984433174133301e-02
5.214884132146835327e-02
3.198077902197837830e-02
1.967656239867210388e-02
1.530929841101169586e-02
6.417767703533172607e-02
6.152440607547760010e-02
2.965799532830715179e-02
3.996444121003150940e-02
2.616833895444869995e-02
1.783156767487525940e-02
1.651545427739620209e-02
2.353107742965221405e-02
4.462603107094764709e-02
2.422912791371345520e-02
1.719389110803604126e-02
6.014519929885864258e-02
4.936878755688667297e-02
2.097989432513713837e-02
3.772395104169845581e-02
1.185726840049028397e-02
3.206789121031761169e-02
2.809077128767967224e-02
2.067791484296321869e-02
2.525598183274269104e-02
9.825629182159900665e-03
2.099271863698959351e-02
4.255560040473937988e-02
1.708364672958850861e-02
3.501110896468162537e-02
2.555964700877666473e-02
1.593413017690181732e-02
1.984003372490406036e-02
3.180319443345069885e-02
