2.364868670701980591e-02
1.644263043999671936e-02
1.697452366352081299e-02
2.360245399177074432e-02
1.129428949207067490e-02
3.845649212598800659e-02
3.296364843845367432e-02
1.781740412116050720e-02
1.304740086197853088e-02
6.823184434324502945e-03
2.546324953436851501e-02
1.400718465447425842e-02
1.585320383310317993e-02
2.303052321076393127e-02
2.921006269752979279e-02
3.586867451667785645e-02
1.835760101675987244e-02
1.425530109554529190e-02
2.057413011789321899e-02
8.817099034786224365e-03
1.244771014899015427e-02
1.941823959350585938e-02
2.815288677811622620e-02
1.142892614006996155e-02
7.646801415830850601e-03
1.217182166874408722e-02
8.859570138156414032e-03
4.049930721521377563e-02
1.941053010523319244e-02
2.798722311854362488e-02
7.937888614833354950e-03
2.444688044488430023e-02
9.039842523634433746e-03
2.369111031293869019e-02
2.914522774517536163e-02
3.726487979292869568e-02
1.093759946525096893e-02
1.708080060780048370e-02
2.285936102271080017e-02
2.319300174713134766e-02
1.486705243587493896e-02
1.281391456723213196e-02
1.368452701717615128e-02
1.750422269105911255e-02
1.316240523010492325e-02
1.460481993854045868e-02
1.697065122425556183e-02
7.688856683671474457e-03
2.583314105868339539e-02
9.632716886699199677e-03
1.476945728063583374e-02
1.808916591107845306e-02
1.866271905601024628e-02
1.221376471221446991e-02
1.560267433524131775e-02
1.946438476443290710e-02
2.177612669765949249e-02
1.334594283252954483e-02
1.332517713308334351e-02
1.121846586465835571e-02
1.966826617717742920e-02
1.589768752455711365e-02
1.728029735386371613e-02
2.890447154641151428e-02
1.653538458049297333e-02
3.061416000127792358e-02
1.803114078938961029e-02
3.054991364479064941e-02
2.226443774998188019e-02
2.276980876922607422e-02
1.603365316987037659e-02
3.272788971662521362e-02
4.702973738312721252e-02
1.340819709002971649e-02
1.753066852688789368e-02
3.499174118041992188e-02
2.697228640317916870e-02
1.840005628764629364e-02
1.938232220709323883e-02
9.843972511589527130e-03
1.037152297794818878e-02
1.778963208198547363e-02
3.406794741749763489e-02
2.495910227298736572e-02
1.843978464603424072e-02
1.887355186045169830e-02
1.526238210499286652e-02
3.415495157241821289e-02
1.434396300464868546e-02
2.281283587217330933e-02
3.113402239978313446e-02
2.282648347318172455e-02
3.202668577432632446e-02
1.083212904632091522e-02
1.092057581990957260e-02
1.202438678592443466e-02
4.812303557991981506e-02
2.928352355957031250e-02
2.136589027941226959e-02
1.806226745247840881e-02
1.982500962913036346e-02
1.340474002063274384e-02
2.991849929094314575e-02
3.272787854075431824e-02
1.667544245719909668e-02
9.976102970540523529e-03
1.573595218360424042e-02
2.228821441531181335e-02
2.296858280897140503e-02
1.380466669797897339e-02
1.790977269411087036e-02
1.484899874776601791e-02
9.561055339872837067e-03
3.015366569161415100e-02
1.536226831376552582e-02
2.447692304849624634e-02
1.353552378714084625e-02
2.005801349878311157e-02
1.147503498941659927e-02
1.576276496052742004e-02
9.862886741757392883e-03
1.131399814039468765e-02
1.339879725128412247e-02
2.084520831704139709e-02
2.782664634287357330e-02
1.255979109555482864e-02
4.510334879159927368e-02
1.369445677846670151e-02
1.144421473145484924e-02
2.915157936513423920e-02
2.255141921341419220e-02
2.131509035825729370e-02
1.695072837173938751e-02
2.922130748629570007e-02
3.573301807045936584e-02
1.385857816785573959e-02
2.489696256816387177e-02
1.617422513663768768e-02
1.641443930566310883e-02
1.252313796430826187e-02
1.648084260523319244e-02
4.100698605179786682e-02
2.614420279860496521e-02
3.499319776892662048e-02
3.029938042163848877e-02
1.660489663481712341e-02
1.465991139411926270e-02
2.017457038164138794e-02
3.145916014909744263e-02
9.066767990589141846e-03
2.150860056281089783e-02
2.986628562211990356e-02
1.679632440209388733e-02
2.125323563814163208e-02
2.590406127274036407e-02
2.869154885411262512e-02
9.790497832000255585e-03
1.969850435853004456e-02
1.294018141925334930e-02
2.627090364694595337e-02
1.348746474832296371e-02
3.319639712572097778e-02
1.859167777001857758e-02
1.640381291508674622e-02
1.386547647416591644e-02
2.101730741560459137e-02
8.498706854879856110e-03
1.769157871603965759e-02
4.070469737052917480e-02
2.594424039125442505e-02
1.494197733700275421e-02
1.403909455984830856e-02
2.633452601730823517e-02
1.116352155804634094e-02
3.429775685071945190e-02
2.237500250339508057e-02
1.885656081140041351e-02
2.810419537127017975e-02
3.676611557602882385e-02
2.389015443623065948e-02
1.748815178871154785e-02
1.182304974645376205e-02
1.412172336131334305e-02
1.692468859255313873e-02
1.074726507067680359e-02
1.065319031476974487e-02
1.666189730167388916e-02
2.700685523450374603e-02
2.197318524122238159e-02
1.279928348958492279e-02
2.027845568954944611e-02
1.255423109978437424e-02
3.150835260748863220e-02
1.064561866223812103e-02
1.907553710043430328e-02
9.163158945739269257e-03
3.224677219986915588e-02
2.095773816108703613e-02
1.219935063272714615e-02
9.900780394673347473e-03
