1.195359695702791214e-02
1.405536383390426636e-02
2.014210261404514313e-02
1.083605457097291946e-02
2.097111940383911133e-02
3.861179202795028687e-02
3.001869656145572662e-02
2.363080531358718872e-02
1.703735813498497009e-02
1.493786554783582687e-02
1.211372204124927521e-02
1.318200957030057907e-02
1.227827090770006180e-02
8.436282165348529816e-03
2.076964825391769409e-02
1.309353206306695938e-02
1.363965682685375214e-02
3.607855364680290222e-02
3.178133442997932434e-02
9.561152197420597076e-03
8.765161037445068359e-03
3.062713332474231720e-02
1.461421325802803040e-02
2.098266780376434326e-02
3.158247843384742737e-02
1.517690997570753098e-02
2.465050667524337769e-02
2.360760420560836792e-02
9.570949710905551910e-03
3.059655427932739258e-02
1.342554856091737747e-02
1.519660279154777527e-02
8.863103576004505157e-03
2.582911401987075806e-02
1.466040220111608505e-02
2.085742168128490448e-02
1.779718510806560516e-02
4.277013987302780151e-02
1.586656458675861359e-02
2.055696025490760803e-02
1.691053062677383423e-02
1.361662708222866058e-02
3.692741692066192627e-02
1.832531206309795380e-02
9.818503633141517639e-03
2.957365103065967560e-02
1.964504271745681763e-02
3.121160902082920074e-02
1.185483764857053757e-02
1.503320503979921341e-02
2.031619474291801453e-02
1.954622380435466766e-02
9.929916821420192719e-03
2.422189153730869293e-02
2.670393325388431549e-02
3.410949558019638062e-02
1.895969361066818237e-02
2.778739482164382935e-02
2.089909650385379791e-02
8.799165487289428711e-03
1.394978072494268417e-02
1.147597562521696091e-02
1.158730965107679367e-02
1.307135168462991714e-02
3.614005446434020996e-02
1.707071252167224884e-02
1.331833098083734512e-02
2.320232987403869629e-02
1.956972666084766388e-02
1.698734797537326813e-02
1.796986535191535950e-02
1.127017568796873093e-02
1.856897212564945221e-02
1.579457893967628479e-02
1.547162514179944992e-02
1.271854527294635773e-02
1.936840265989303589e-02
1.669663004577159882e-02
1.322430372238159180e-02
1.419099420309066772e-02
2.184468135237693787e-02
1.028566062450408936e-02
2.212930284440517426e-02
1.011977251619100571e-02
1.312891114503145218e-02
3.217114508152008057e-02
2.341729588806629181e-02
1.190469693392515182e-02
1.550182700157165527e-02
2.927468903362751007e-02
1.558674685657024384e-02
1.037738099694252014e-02
3.710726276040077209e-02
2.127617411315441132e-02
9.378128685057163239e-03
3.398181498050689697e-02
2.712639980018138885e-02
1.948072016239166260e-02
2.335407957434654236e-02
1.805713586509227753e-02
2.339129149913787842e-02
2.082890644669532776e-02
2.097896672785282135e-02
3.054215386509895325e-02
9.260023012757301331e-03
9.004221297800540924e-03
2.053684741258621216e-02
1.915392838418483734e-02
1.062847860157489777e-02
2.434989251196384430e-02
3.557595983147621155e-02
2.059111557900905609e-02
2.856741100549697876e-02
1.918894611299037933e-02
2.951341681182384491e-02
2.044607698917388916e-02
1.417946815490722656e-02
2.225102111697196960e-02
5.802917852997779846e-02
3.054660372436046600e-02
1.796914264559745789e-02
3.805130347609519958e-02
3.411170840263366699e-02
2.011132612824440002e-02
1.642115972936153412e-02
2.098914794623851776e-02
1.259478088468313217e-02
6.660065799951553345e-02
6.149569898843765259e-02
5.660407617688179016e-02
3.624495491385459900e-02
1.879238523542881012e-02
2.245060540735721588e-02
4.078054428100585938e-02
1.490351092070341110e-02
2.559081837534904480e-02
3.578778728842735291e-02
3.121056035161018372e-02
4.127956554293632507e-02
1.547487452626228333e-02
1.753031834959983826e-02
3.895893692970275879e-02
4.621531069278717041e-02
1.945180818438529968e-02
1.136713381856679916e-02
3.540947660803794861e-02
3.489605709910392761e-02
9.613582864403724670e-03
6.692211329936981201e-02
1.722467690706253052e-02
7.993121631443500519e-03
1.645811460912227631e-02
5.690522864460945129e-02
5.095350369811058044e-02
4.080317541956901550e-02
1.628529652953147888e-02
5.165473744273185730e-02
4.218769073486328125e-02
1.798998937010765076e-02
4.041504487395286560e-02
2.092480473220348358e-02
1.812351681292057037e-02
3.366517275571823120e-02
3.389758616685867310e-02
2.123949490487575531e-02
1.236056815832853317e-02
1.930993236601352692e-02
2.793142572045326233e-02
3.642985969781875610e-02
3.213495388627052307e-02
5.841081216931343079e-02
3.391001373529434204e-02
1.677520759403705597e-02
1.676831208169460297e-02
4.211964085698127747e-02
2.609700895845890045e-02
4.087534174323081970e-02
2.674676850438117981e-02
3.535104542970657349e-02
2.733448520302772522e-02
3.694337606430053711e-02
3.917802125215530396e-02
1.618617027997970581e-02
1.618715934455394745e-02
4.029781743884086609e-02
3.232925385236740112e-02
3.234257921576499939e-02
1.545232068747282028e-02
1.331652700901031494e-02
1.578230597078800201e-02
2.013988234102725983e-02
2.543086558580398560e-02
1.880250126123428345e-02
3.739004209637641907e-02
2.187500149011611938e-02
4.924909025430679321e-02
1.669411361217498779e-02
2.721013873815536499e-02
2.014694362878799438e-02
2.497864142060279846e-02
